6.20532 2.37037 0.00066539 3 8.69688 -3.37484 32 17.1937 8.86195 40 -13.0761 4.13512 32 8.25534 25.064 12 20.0428 24.6773 24 36.0204 -10.909 32 -7.45799 39.1113 12 35.7722 33.3652 40 -30.4963 27.9002 12 28.8682 44.0733 13 -39.9044 16.9982
6.55851 2.63671 0.310368 3 8.38092 -3.03052 32 17.3017 8.8726 40 -14.0322 4.67626 32 7.91326 25.3717 12 20.2446 24.7809 38 36.1251 -9.73543 32 -6.85583 39.2051 12 36.2646 33.1533 40 -29.8935 28.0287 12 28.7752 44.6615 13 -39.8189 17.8655
6.90646 2.96515 0.309891 3 8.22437 -2.61937 32 17.6296 10.0641 40 -14.0798 5.34231 32 8.5469 26.0438 12 20.3732 25.0132 38 35.4697 -9.50634 32 -7.18347 39.3658 12 36.1257 33.9818 40 -30.4467 28.3616 12 28.7928 44.9713 13 -40.0215 17.927
7.26195 3.29611 0.310778 32 8.3626 -1.5243 32 17.4421 10.1188 40 -13.8488 5.79197 32 8.06631 26.644 12 20.187 25.2773 38 36.2914 -9.38159 32 -7.13849 40.1379 12 36.4298 34.1872 40 -30.4955 29.2053 12 29.1079 45.4768 13 -39.6757 18.2227
7.6258 3.63026 0.31222 3 9.0147 -1.8754 32 17.4232 11.5043 40 -13.4469 6.25593 32 7.97129 27.2086 12 19.6945 26.0147 3 36.3512 -9.0738 32 -7.69982 40.6248 12 36.6221 34.9255 40 -30.2238 29.736 12 28.376 45.639 13 -40.0719 18.9451
7.9985 3.96763 0.31245 32 8.84019 -1.01166 32 16.9118 10.8463 40 -14.0501 6.58696 32 8.32169 27.9468 12 20.2001 26.3127 3 35.7551 -8.80227 32 -7.68826 41.0348 12 36.6298 35.9196 40 -30.1578 29.7835 12 29.5958 46.605
8.38109 4.30812 0.311881 32 8.74205 -0.295691 32 16.5118 11.8625 40 -14.2317 7.37257 32 8.07912 27.3265 12 20.1714 27.2248 3 35.5028 -7.84388 32 -7.0745 42.2054 12 36.1885 35.4349 40 -29.7201 30.4281 12 28.9571 46.5785
8.77322 4.65129 0.310802 32 8.56484 -0.2259 32 17.1996 12.5213 40 -14.0965 7.64929 32 8.38165 28.6041 12 20.2082 27.9696 3 35.6473 -7.17879 32 -7.40942 42.3821 12 36.9597 36.0651 40 -30.8251 31.2265 12 28.1305 47.3914
9.17534 4.99707 0.309377 32 8.60365 0.518243 32 17.108 12.6186 40 -13.5569 8.10162 32 7.62824 29.2186 12 20.0153 28.5552 3 35.6253 -7.48789 32 -7.27123 42.7425 12 36.3951 36.8784 12 28.3168 48.1961 40 -29.8517 31.5578
9.58774 5.34633 0.311559 32 8.33982 0.673426 32 17.2006 13.0483 40 -13.876 8.60819 32 8.12001 29.8012 12 19.4698 28.9137 3 35.5592 -6.49743 32 -7.56632 43.1007 12 36.2347 37.3552 12 28.5861 48.1785 40 -30.3606 32.2088
10.0105 5.69972 0.312519 32 8.18586 1.30039 32 16.7797 13.3814 32 7.71159 30.5815 40 -13.9042 9.18648 12 19.9535 28.8654 3 35.3409 -5.29146 12 36.2132 38.0113 32 -7.49582 43.4913 12 28.0568 48.6271 40 -30.3734 32.82
10.4419 6.05572 0.311 32 7.49133 2.01338 32 16.3058 13.879 32 8.06186 30.3862 40 -13.7325 10.0552 12 19.2507 29.7335 3 35.7278 -5.23436 12 36.1815 38.7565 32 -7.58916 44.1311 12 28.1112 49.4611 40 -30.2022 32.8116
11.5513 6.97207 0.302095 32 8.26649 3.2195 32 17.5948 15.0685 32 8.12148 31.1625 12 19.8113 30.4856 40 -13.7688 10.3296 3 36.173 -4.00301 12 36.312 39.8035 32 -7.29056 45.1386 12 28.8316 50.3695 40 -29.93 33.6439
12.2187 8.16898 0.318476 32 9.04701 4.02136 32 17.3179 16.2773 32 8.57708 32.2467 12 20.8048 31.6912 40 -12.964 11.6977 12 36.3012 -3.25335 12 36.5414 40.8978 32 -5.72285 46.5729 12 29.8964 50.9078 40 -29.1504 36.1222
12.8922 9.37698 0.335895 32 9.4992 5.40142 32 18.1103 17.57 12 20.9436 33.7768 32 9.44057 34.2186 12 36.162 -2.3078 40 -13.1138 13.8591 12 37.9446 41.69 32 -5.39689 47.98 12 30.1774 52.7031
13.8371 9.30638 0.368115 32 9.45119 6.47039 32 18.948 18.2459 12 22.5648 33.5907 32 10.6845 34.5528 12 36.6407 -3.07102 40 -12.4568 14.9739 12 39.5222 40.826 32 -3.73458 49.0745 12 32.9461 51.688 21 63.4025 8.18706
14.7849 9.25433 0.397616 32 9.54189 6.00136 32 19.8931 17.8455 12 36.4503 -3.15693 12 23.3285 32.6058 32 11.9121 34.9243 40 -12.7737 16.8389 12 41.2717 40.4824 32 -2.54067 49.6823 12 34.0782 51.821 21 64.0458 6.48518
14.7597 9.55175 0.42702 32 9.77094 6.98083 32 19.0236 17.7766 3 35.2973 -3.16842 12 23.6874 32.8768 32 12.6216 35.853 40 -12.0988 17.5187 12 41.6792 39.9663 32 -0.949215 50.8051 12 35.5612 51.5852 21 63.7722 6.02535
15.0891 9.00467 0.444057 32 8.70392 7.21229 32 19.4757 17.6088 3 34.5303 -3.84642 12 24.8635 32.787 32 12.1626 35.061 40 -11.5369 17.4442 12 41.7766 38.6029 32 -1.02546 50.9554 12 36.4085 51.0914 21 63.5093 4.18617
16.047 9.00214 0.47228 32 8.73882 7.48938 32 20.1219 18.3769 3 34.4782 -4.64566 12 25.6499 32.6171 32 14.3209 35.4695 40 -11.3782 18.2854 12 43.2221 38.4943 32 1.34201 51.7794 12 37.563 50.0816 21 63.4524 2.58602
16.3844 8.48801 0.491526 32 8.80654 7.71527 32 19.9986 17.715 3 34.5173 -5.60229 12 25.8359 32.3251 32 14.2404 35.33 40 -11.0764 19.4965 12 43.5311 37.8302 32 1.70514 51.2966 12 38.561 49.527 21 63.3722 2.11808
16.5107 8.44083 0.495431 32 8.83921 7.5392 32 20.0823 17.5229 3 34.0152 -5.64145 12 25.6915 32.5568 32 13.8617 35.8622 40 -11.5533 19.382 12 43.3165 37.6014 32 2.07648 51.7353 12 37.7958 49.6385 21 62.916 1.94073
17.3812 8.23677 0.50062 32 8.47806 7.76821 32 20.4466 17.7052 3 33.8204 -5.26203 12 26.4569 32.1792 32 14.6961 35.2841 40 -11.1002 20.5315 12 44.3621 37.8133 21 63.2211 1.81655 32 2.42593 52.0618 12 38.6526 49.2174
17.9958 7.91011 0.483851 32 8.8846 7.72777 32 19.6587 17.3356 3 34.7106 -5.10816 12 25.5737 32.6828 32 14.0406 35.5593 40 -11.1074 19.9516 12 43.6254 37.6649 21 62.6456 2.17496 12 38.2055 49.3853 32 2.08607 51.5155
18.7732 7.67583 0.48468 32 8.98968 7.7517 32 20.4586 18.0317 3 34.4725 -5.2264 12 26.3906 32.3625 32 15.4465 36.0562 40 -11.0837 20.0438 12 44.5883 37.5664 21 62.3659 1.96267 12 38.4663 49.6522 32 1.81241 51.9748
18.859 7.06279 0.475666 32 8.3138 7.61029 32 19.8333 17.7202 3 34.137 -4.81474 12 25.3103 32.1588 32 14.6665 35.1001 40 -11.5832 19.0945 12 43.9633 36.818 21 63.0904 1.75463 12 38.1371 49.1086 32 1.71598 52.3603
19.0039 7.02191 0.486417 32 8.808 7.44903 32 19.8785 17.5551 3 33.7081 -5.03314 12 24.8728 32.1116 32 13.7577 35.4766 40 -11.8289 20.4794 12 43.1513 37.423 21 62.5905 1.94508 12 38.4894 49.5701 32 1.94673 52.332
19.6195 6.769 0.482532 32 19.299 17.8234 32 8.47284 7.61933 3 33.2728 -5.23497 12 25.1569 32.0935 32 13.5835 35.6593 40 -11.5712 20.0606 12 42.6183 37.863 21 63.02 1.82777 12 38.2868 49.5214 32 1.99167 52.3723
20.4685 6.54486 0.472702 32 19.5956 17.5794 32 8.97685 7.51899 3 34.5749 -5.16328 12 25.7319 32.7213 32 13.8287 35.6061 40 -11.6511 19.4383 12 43.2765 37.9736 21 62.6772 1.88399 12 38.2797 49.8125 32 2.23455 52.2544
20.9282 5.97586 0.475949 32 19.6943 17.8858 32 8.47066 7.97636 3 34.4151 -5.12159 12 25.1802 32.3635 32 13.6609 35.2765 40 -11.938 19.7277 12 43.5532 36.7499 21 62.7782 1.78079 12 38.433 49.436 32 2.19585 51.6892
21.4444 5.69396 0.470055 32 19.6972 17.4876 32 8.37851 7.64909 3 33.7271 -5.84281 12 25.0709 32.2787 32 14.118 35.3935 40 -11.7211 19.5479 12 43.696 37.3075 21 62.9763 1.73239 12 38.052 49.5079
22.4796 5.32716 0.459183 32 19.9516 17.1055 32 8.77318 7.55193 3 34.4031 -4.71303 12 25.7055 31.5644 32 14.2287 35.2009 40 -11.7492 19.0951 12 43.7839 36.8579 21 62.7918 2.08977 12 37.839 49.6257
22.6299 5.09085 0.46224 32 19.77 17.8661 32 9.03617 7.65791 3 34.5415 -5.14039 12 25.3966 31.9953 32 13.839 35.2546 40 -11.8375 19.8783 12 43.4013 37.7896 21 62.3893 1.91992 12 38.089 49.3792
23.6918 4.90081 0.463853 32 19.8757 17.7147 3 34.058 -4.89568 32 8.99636 7.5553 12 25.8232 32.4899 32 14.1603 35.9311 40 -11.6638 19.6336 12 43.6504 36.5154 21 62.6908 1.879 12 37.962 49.6475 33 56.506 42.7965
24.1959 4.43181 0.452121 32 19.4906 17.281 3 34.3255 -5.24671 32 8.69085 7.4923 12 25.6317 32.1628 32 13.9657 35.4854 12 43.7074 37.2001 21 62.8987 1.91554 40 -11.294 19.6134 12 38.0914 49.0168 12 55.5412 43.1783
25.2127 4.33801 0.443594 3 33.8012 -5.0031 32 19.0605 17.4261 32 8.95138 7.68191 12 26.4391 32.4712 32 14.291 35.1854 12 43.481 37.8339 21 62.8368 1.9708 40 -11.3129 19.4535 12 38.0159 49.2951 12 56.0089 42.7504
25.4621 4.12811 0.456005 3 34.1395 -4.99938 32 20.5348 17.7979 32 8.48628 7.64343 12 25.8089 32.0879 32 14.2274 35.989 21 63.0424 1.88207 12 43.4845 37.1341 40 -11.9917 20.1417 12 38.2922 50.0357 12 56.1344 43.0616
26.1767 3.90633 0.448663 3 34.0818 -5.4972 32 20.0146 18.1935 32 8.74713 7.60461 12 25.5968 32.8543 32 14.3262 35.7364 21 63.0137 1.85889 12 43.5148 37.9041 40 -11.7249 19.957 12 38.0054 49.7217 33 56.5294 43.1424
26.8731 3.68375 0.454094 3 34.0566 -4.88061 32 19.4812 18.0678 32 8.51986 7.53488 12 25.5178 33.0461 32 14.3447 35.8955 21 63.0983 1.73527 12 44.2912 37.925 40 -11.6412 20.3402 12 39.101 49.9351 12 55.7884 43.3924
27.7031 3.22845 0.434089 3 34.4658 -4.73831 32 20.1938 17.5507 32 9.25384 7.96846 12 25.6314 32.648 32 13.9693 35.8338 21 62.6428 1.89834 12 43.6766 37.5087 40 -11.9927 19.2793 12 37.9962 49.5029 12 55.5557 42.5818
28.0536 2.78537 0.442702 3 34.5467 -5.23125 32 19.6687 18.2015 32 9.0961 7.65461 12 26.0762 32.4496 21 62.6293 1.82966 32 14.0504 36.159 12 43.6741 36.9603 40 -11.7177 19.5088 12 38.3644 49.6259 12 56.3528 42.3248
28.7898 2.26728 0.427522 3 34.0718 -5.69344 32 19.204 17.3442 32 8.71559 7.69961 12 25.1122 32.2846 21 62.9792 2.2921 32 14.1729 34.9148 12 43.057 37.4093 40 -11.8851 19.3152 12 37.918 49.4359 12 55.8057 43.1717
29.2938 2.12347 0.427065 3 33.9831 -4.86655 32 19.7149 17.7313 32 8.82858 7.70686 12 25.489 31.9048 21 62.7304 2.02775 32 13.9432 36.1589 12 43.2607 37.2154 40 -11.9497 19.9108 12 37.859 49.7241 12 55.4952 43.1842
30.3299 2.12198 0.433355 3 34.0738 -4.5255 32 20.0322 17.8657 32 8.79836 7.74299 12 25.807 32.7808 21 62.7674 2.19466 32 14.3301 35.9331 12 44.0946 37.8118 40 -11.6641 20.6422 12 56.2238 42.8938 12 39.3381 50.3141
31.0737 1.57246 0.417835 3 33.8361 -5.21471 32 19.4482 17.7233 32 8.49244 7.68165 12 25.4787 32.6121 21 63.2255 2.07355 32 13.8324 35.0265 12 43.0373 37.5707 40 -11.6531 19.7494 12 55.5549 43.0169 12 38.2832 49.6916
31.6744 1.42814 0.406298 3 33.8454 -5.17651 32 19.8976 18.0896 32 8.99015 7.42962 21 62.4028 1.91764 12 24.707 32.6303 12 42.8661 37.9575 32 14.0444 35.5812 40 -12.1707 19.4213 12 55.0032 43.0991 12 37.5537 49.9806
32.2347 1.17706 0.418086 3 33.8183 -4.53476 32 19.3573 18.4877 32 8.94127 7.85664 21 62.511 2.07403 12 25.4261 33.2763 12 43.4726 38.0754 32 13.8991 36.009 40 -11.5927 20.0279 12 55.5259 42.8955 12 38.3643 50.3404
33.7138 0.556031 0.414383 3 34.7987 -5.74621 32 20.5072 18.0289 32 8.81801 7.6063 21 63.3366 2.54378 12 26.0094 32.4775 12 44.3928 37.6093 32 15.0333 35.7271 33 56.3446 43.1124 40 -10.8845 19.9744 12 38.713 49.6188
33.8293 0.10793 0.410985 3 34.3614 -5.11888 32 19.5859 17.9878 32 8.56029 7.76426 21 62.9019 1.82519 12 25.43 31.8568 12 43.24 37.0649 32 13.9161 35.9045 12 55.6859 42.2896 1 78.6788 -20.8206 40 -11.7069 19.9878 12 38.7399 49.117
34.4377 -0.0393675 0.41279 3 33.9215 -4.89178 32 19.4181 18.1221 32 8.78011 7.70697 21 62.8508 1.8467 12 25.7347 32.8928 12 43.4844 37.6973 32 14.0004 35.9518 12 55.8052 42.4977 1 77.7496 -20.9031 12 37.9515 49.6642
35.6198 -0.485175 0.397524 3 33.166 -4.92241 32 20.1542 17.5291 21 62.384 2.17033 32 8.95921 7.42011 12 26.1125 32.8064 12 43.9576 37.226 32 13.873 35.5091 1 78.9796 -20.4327 12 56.1549 43.2214
36.1019 -0.749604 0.395743 3 34.0465 -5.33723 32 19.694 17.5095 21 62.971 1.94697 32 8.56915 7.66836 12 25.2277 32.6157 12 42.8746 37.4176 32 14.4512 35.0792 1 78.1686 -20.2618 12 55.5952 42.8241
37.1922 -1.30652 0.405619 3 33.859 -5.5526 32 19.6081 17.2072 21 62.6173 1.7984 32 8.80484 7.50705 12 25.8226 32.1662 12 43.9097 37.5519 32 14.3923 36.1175 1 78.7351 -21.7604 12 55.8268 42.4727
37.855 -1.43457 0.394602 3 33.9981 -5.15412 21 62.6786 1.83412 32 19.9132 17.5571 32 8.81022 7.43124 12 25.1754 32.1884 12 43.0852 38.2862 32 14.1282 35.4214 1 78.2753 -20.7097 12 55.6539 42.5632
38.9275 -1.75179 0.381984 3 34.9295 -5.13229 21 62.9058 1.91204 32 20.0739 17.6366 32 8.8375 7.5296 12 24.9369 32.5884 12 43.7142 38.015 1 79.5072 -20.0095 32 14.011 35.4898 12 55.807 43.4451
39.8481 -1.99299 0.384 3 33.9762 -5.00465 21 62.5676 1.92907 32 20.4325 17.6144 32 9.01776 7.71668 12 25.8467 32.501 12 43.7494 37.884 1 78.8819 -20.5034 32 14.2702 35.8027 12 56.0302 43.3776
40.3931 -2.12968 0.38936 3 33.8386 -4.85532 21 63.0433 1.9579 32 19.5914 18.0555 32 8.60365 7.75393 12 25.8149 32.6194 12 43.7766 37.4084 1 78.6564 -20.5934 32 14.3703 36.2867 12 55.7961 43.8203
41.2145 -2.92211 0.390425 3 34.5117 -5.28542 21 62.8756 2.15323 32 20.1855 18.3395 32 9.10418 7.00271 12 26.321 32.7388 12 44.6105 37.5483 1 78.3058 -21.0205 32 14.3286 35.0601 12 56.2585 42.971
41.6217 -3.18667 0.391334 3 33.9922 -5.16879 21 62.4338 1.85849 32 19.6715 18.0203 32 8.99338 7.48704 12 25.4855 32.3508 12 44.1191 37.5451 1 78.2813 -21.2698 32 14.5988 36.0286 12 55.6609 42.834
42.2751 -3.2995 0.383302 3 33.987 -5.42911 21 63.3319 1.9912 32 18.9454 17.9667 32 8.00199 7.6064 12 25.7512 32.4982 1 77.9213 -20.3671 12 42.7048 37.3719 12 55.6263 42.4184 32 14.4361 35.948
43.2893 -3.46639 0.376374 3 33.4542 -4.9167 21 62.6319 1.8902 32 19.1494 18.0365 32 8.72767 7.57643 1 78.3605 -20.5188 12 25.3441 33.1936 12 43.0738 37.8527 12 55.8882 43.1663 32 14.5124 36.2767
44.811 -3.90716 0.371993 3 34.1567 -5.30466 21 62.6988 2.50784 32 19.935 17.5702 32 9.22719 7.51502 1 79.3413 -20.1895 12 25.7229 32.1156 12 44.084 37.7971 12 55.6729 42.7807 32 14.8279 35.3908
45.1353 -4.16704 0.363867 3 34.1872 -5.22496 21 62.7706 2.14122 32 19.5595 17.8197 1 77.7022 -20.0129 32 8.7034 7.49588 12 24.9794 32.0385 12 43.1162 37.7967 12 55.8787 43.3024
46.2517 -5.10956 0.374097 3 33.718 -5.78665 21 63.0073 1.97926 32 19.7491 17.1392 1 78.3249 -21.0484 32 9.0622 7.55819 12 43.7511 37.3731 12 25.9119 32.6198 12 56.2982 42.3619
47.1168 -4.97847 0.365 3 33.9902 -5.09931 21 62.8149 1.88804 1 78.5879 -21.0831 32 19.752 17.5463 32 8.80091 7.64788 12 43.2229 38.1109 12 26.0322 32.0363 12 55.8779 42.7938
48.16 -5.33187 0.366615 3 34.4426 -5.91364 21 62.9321 1.83785 1 78.6488 -20.6172 32 20.1433 17.3066 32 8.64032 7.66829 12 44.321 37.8299 12 25.9836 32.5603 12 56.1757 43.3601
48.6524 -5.49414 0.357404 3 33.3961 -4.73206 21 62.6707 2.42652 1 78.2804 -20.1279 32 20.0917 17.698 32 9.33763 7.49033 12 43.0969 38.0359 12 25.0175 32.6126 12 55.725 43.3778
49.5615 -5.95663 0.355669 21 62.7626 2.21749 3 33.9755 -5.21829 1 78.3226 -20.6912 32 19.2626 17.8231 32 8.73264 7.68432 12 43.5907 37.9599 12 25.2833 32.2314 12 55.2233 43.0167
50.7792 -6.29316 0.350726 21 62.7098 2.07307 3 34.4969 -4.73867 1 79.1131 -20.6492 32 19.6896 17.1417 32 8.91074 7.4766 12 43.5583 37.2849 12 25.9926 31.9873 12 55.4717 42.8103
51.7049 -6.56494 0.344119 21 63.4391 1.89792 3 34.3089 -5.67085 1 78.8992 -20.2476 32 19.7911 17.296 12 43.1505 37.5597 32 8.29173 7.57662 12 25.6607 32.3649 20 100.579 -8.79762 12 55.5958 42.8138
52.0722 -6.82571 0.353594 21 62.5235 2.04587 3 33.9603 -5.69231 1 78.3337 -20.821 32 19.551 18.3542 12 42.9845 37.4497 32 9.13184 7.69945 12 25.3529 32.4615 20 100.158 -9.28494
53.7249 -7.14983 0.351161 21 63.2932 2.31741 3 33.9718 -5.1446 1 78.979 -20.5549 32 19.6806 18.0059 12 43.7698 38.0438 32 8.68843 8.02211 20 101.014 -8.46625 12 26.5932 33.1909
54.2414 -7.46645 0.354568 21 62.7001 2.01956 3 34.1708 -5.01994 1 78.1386 -20.4085 32 19.9312 18.4641 20 100.775 -9.71177 12 44.2046 37.8965 32 8.73746 7.60534 12 26.1087 33.1792
54.9493 -8.26904 0.357903 21 62.638 2.47502 3 33.3315 -5.12029 1 78.0327 -21.2073 32 19.9867 17.985 20 100.711 -10.3851 12 43.7973 37.4658 32 8.78527 7.69395
55.9855 -8.45696 0.34717 21 63.1011 2.05437 3 33.8803 -4.87799 1 78.8782 -21.9129 20 100.765 -9.24049 32 19.8195 18.3204 12 43.9838 37.1951 32 8.69537 7.67463
57.5586 -8.54266 0.326958 21 62.8745 1.94837 3 34.6856 -5.45846 1 79.0821 -20.6667 20 100.932 -8.82772 32 20.2531 17.5057 12 43.3884 37.8498
58.3948 -8.98026 0.344321 21 62.9536 2.04323 1 78.5436 -20.8367 3 34.3366 -4.9707 20 100.806 -9.50598 32 20.4858 18.0226 12 44.4393 37.6266
59.0404 -9.59506 0.359154 21 63.1311 1.95654 1 78.5285 -21.225 3 34.2169 -5.32105 20 100.856 -10.0872 32 20.2646 18.3999 12 44.7029 37.6786
59.7329 -9.79482 0.362035 21 62.7976 2.05868 1 78.0009 -22.0446 3 33.6735 -4.48212 20 100.743 -10.9006 32 20.426 18.7818
60.5068 -10.0909 0.361169 21 62.8972 2.08222 1 77.7993 -21.6647 3 33.6901 -4.51454 20 100.343 -10.274 12 20.6456 18.7276
61.1781 -10.4967 0.36876 21 62.6662 2.34715 1 77.9367 -21.8457 3 34.1396 -4.20586 20 100.067 -10.7225
62.3489 -10.493 0.370291 21 62.8404 1.88533 1 76.9656 -21.3334 3 33.9892 -3.18588 20 99.8101 -10.8573
62.6362 -10.8978 0.375039 21 62.6977 2.37616 1 76.9327 -21.251 3 32.8512 -3.77763 20 99.7341 -11.1973
65.1566 -11.4278 0.360454 21 63.1756 2.28889 1 78.638 -21.4791 3 34.2181 -4.1666 20 100.898 -10.5912
66.0444 -11.6447 0.326982 21 62.9127 1.94796 1 78.2944 -20.624 3 33.8142 -4.60463 20 100.739 -9.43222
66.894 -11.8209 0.340067 21 62.8229 1.90785 1 78.5622 -21.3963 3 34.7796 -4.45544 20 100.632 -9.2892
68.0091 -12.3784 0.345167 1 78.5875 -20.7207 21 62.7417 1.96288 20 100.692 -9.90197 3 34.4085 -4.42594
69.1736 -12.6886 0.311268 1 79.4892 -20.4229 21 63.2897 2.28997 20 100.335 -8.93119 3 34.5386 -5.07313
70.2221 -12.826 0.297403 1 79.2432 -20.5665 21 63.0204 2.32549 20 100.753 -8.1017 3 34.4595 -5.42784
70.9359 -13.3206 0.301292 1 78.8741 -20.9766 21 62.7776 2.03683 20 100.362 -8.88812 3 34.2858 -4.95325
71.9733 -13.5293 0.306874 1 78.8429 -20.5877 21 62.794 1.92338 20 100.333 -8.69588 3 34.1241 -5.12389
73.0136 -13.8711 0.308536 1 78.5204 -20.3613 21 62.7882 1.94445 20 100.593 -9.18567 3 33.989 -4.47513 26 118.426 -32.5493
74.4948 -14.6737 0.302836 1 78.932 -20.9857 21 62.8781 2.0758 20 100.647 -9.10008 3 34.2131 -5.61139 26 118.746 -32.8288
75.7772 -15.2218 0.293967 1 79.3243 -21.5481 21 62.8479 1.8355 20 100.645 -9.21991 3 34.3061 -5.84505 26 119.172 -32.5431
77.5326 -14.2468 0.227258 1 80.4398 -20.1132 21 62.8422 1.87576 20 100.699 -6.74625 3 35.1347 -7.46611 26 121.239 -28.6281
78.3615 -14.4974 0.249507 1 80.064 -20.1485 21 62.8469 1.88387 20 101.024 -7.16545 3 34.8595 -6.26043 26 120.29 -29.9093
79.4792 -14.6891 0.234929 1 79.6651 -19.4755 20 101.022 -7.18976 21 62.8266 1.92652 26 120.346 -29.0155 3 34.6521 -6.93576
81.1769 -15.0133 0.245953 1 80.6139 -19.7805 20 102.372 -6.76874 21 62.798 2.08145 26 120.521 -29.8667 3 35.016 -6.2809
81.9194 -15.1608 0.222552 1 80.4858 -19.1862 20 101.417 -7.05891 21 62.7846 2.01359 26 121.173 -28.7161 3 34.6392 -7.46276
82.2501 -15.7689 0.2403 1 78.8604 -19.9718 20 100.555 -7.52311 21 62.8613 1.91378 26 119.439 -30.338 3 33.9702 -6.5725
84.2583 -15.7037 0.215597 1 79.988 -20.1581 20 101.39 -6.65793 21 62.8419 1.91828 26 121.18 -28.297
