6.2785 1.9598 0
6.66832 2.02059 0.30937
7.05298 2.14336 0.30856
7.44523 2.26851 0.309115
7.84588 2.3967 0.310224
8.25543 2.52797 0.310121
8.67493 2.66219 0.309219
9.10402 2.79894 0.307808
9.54314 2.93812 0.30605
9.99261 3.0806 0.3079
10.4525 3.22701 0.308527
10.921 3.37586 0.306675
11.3975 3.52637 0.305257
11.8832 3.67906 0.303997
12.3778 3.83417 0.303774
12.8813 3.99201 0.303774
13.3937 4.15187 0.301096
13.9149 4.31299 0.298422
14.4459 4.47525 0.294762
14.9875 4.63851 0.290806
15.54 4.80345 0.289355
16.1029 4.97079 0.288659
16.6744 5.13934 0.284864
17.2528 5.30727 0.28033
17.8399 5.47513 0.27657
18.4353 5.64348 0.274575
19.0375 5.81249 0.272707
19.6468 5.98213 0.270343
20.263 6.15191 0.267352
20.8876 6.32186 0.263963
21.5207 6.49124 0.258865
22.1628 6.66045 0.256529
22.8134 6.83057 0.254928
23.473 7.00157 0.252418
24.1423 7.17295 0.248893
24.8214 7.34424 0.245254
25.5107 7.51533 0.24136
26.21 7.68654 0.238885
26.9184 7.85782 0.235548
27.6366 8.02854 0.231225
28.3639 8.19853 0.227969
29.1009 8.36718 0.221942
29.8477 8.53433 0.218443
30.6032 8.70126 0.216484
31.3676 8.86807 0.213222
32.1413 9.03415 0.209695
32.9233 9.19917 0.206237
33.7139 9.36347 0.203545
34.513 9.52725 0.200805
35.3203 9.69007 0.197196
36.1359 9.85178 0.194289
36.9593 10.0129 0.192289
37.7907 10.1743 0.190983
38.6301 10.3352 0.187976
39.4771 10.4949 0.184731
40.3316 10.6537 0.182715
41.1911 10.8117 0.180821
42.0567 10.9682 0.176953
42.9273 11.123 0.174935
43.8033 11.2763 0.171656
44.6857 11.4283 0.169469
45.5746 11.5793 0.166948
46.4706 11.7286 0.163343
47.3739 11.8763 0.160753
48.2848 12.0229 0.158456
49.2029 12.1685 0.156039
50.1288 12.3124 0.15247
51.0617 12.4547 0.150186
52.0015 12.5963 0.148979
52.9482 12.7374 0.146984
53.9017 12.877 0.14358
54.8625 13.0149 0.14162
55.8301 13.1519 0.139747
56.805 13.2878 0.13712
57.7868 13.4221 0.134868
58.7759 13.555 0.132335
59.7714 13.6865 0.130188
60.7742 13.8167 0.128127
61.784 13.9458 0.126196
62.8004 14.0738 0.124375
63.8232 14.2007 0.122462
64.8527 14.3263 0.120291
65.8887 14.4509 0.119065
66.9311 14.5746 0.117134
67.98 14.6968 0.114931
69.0353 14.8179 0.11364
70.0966 14.9379 0.111528
71.1648 15.0564 0.109345
72.2391 15.1738 0.108447
73.3195 15.2902 0.10621
74.4059 15.4049 0.104176
75.498 15.5179 0.101945
76.5959 15.6292 0.100101
77.6993 15.739 0.0983204
78.8081 15.8472 0.0962068
79.9223 15.9537 0.0942829
81.0419 16.0588 0.0929524
82.1672 16.1627 0.0911531
83.2975 16.2654 0.0901005
84.4323 16.3668 0.0882644
85.5713 16.4663 0.0859067
86.7145 16.5639 0.0844386
87.8617 16.6599 0.0824761
89.0126 16.7541 0.0809586
90.1669 16.8472 0.0798969
91.3254 16.9388 0.0780407
92.4882 17.0292 0.0770538
93.6548 17.1187 0.0760943
94.8251 17.2067 0.0740996
95.9993 17.2936 0.0735341
97.1768 17.3802 0.0733257
98.3578 17.4669 0.0733257
99.5415 17.5541 0.0736112
100.726 17.6412 0.0732971
101.913 17.7284 0.0732971
103.101 17.8156 0.0732971
104.29 17.9027 0.0729225
105.482 17.9903 0.0738647
106.675 18.0784 0.0734975
107.87 18.1666 0.073871
109.068 18.2554 0.0740584
110.268 18.344 0.073291
111.471 18.432 0.0728334
112.677 18.5196 0.0721072
113.885 18.6068 0.0721072
115.095 18.694 0.071724
116.308 18.7808 0.0712121
117.524 18.8677 0.0714369
118.741 18.9544 0.0707249
119.962 19.0407 0.0704758
121.184 19.1268 0.0700884
122.41 19.2126 0.0698778
123.637 19.2987 0.0701532
124.867 19.3846 0.0693174
126.099 19.4704 0.06973
127.333 19.5565 0.069505
128.57 19.6424 0.0691714
129.809 19.7282 0.0691714
131.051 19.8141 0.0688942
132.295 19.8998 0.0686934
133.542 19.9858 0.0689441
134.791 20.0727 0.069974
136.043 20.1612 0.071313
137.297 20.2523 0.0736643
138.553 20.3461 0.0754597
139.811 20.4425 0.0774899
141.071 20.5417 0.0795453
142.334 20.6433 0.0811374
143.598 20.747 0.0824361
144.865 20.8523 0.0835381
146.131 20.9586 0.0839116
147.398 21.0654 0.0842611
148.665 21.1724 0.0842611
149.932 21.2794 0.0841258
151.202 21.3862 0.0838334
152.473 21.4928 0.0835132
153.746 21.5987 0.0824167
155.02 21.7039 0.0824167
156.296 21.809 0.0819598
157.573 21.9136 0.0814563
158.851 22.0179 0.0814563
160.131 22.1218 0.0805146
161.412 22.2248 0.0799153
162.694 22.3273 0.0795859
163.978 22.4295 0.0793057
165.264 22.5314 0.0788888
166.55 22.6327 0.0783011
167.839 22.7335 0.0778016
169.129 22.8338 0.077393
170.42 22.9335 0.076708
171.713 23.0326 0.0763588
173.007 23.1309 0.0752721
174.303 23.2285 0.0750216
175.6 23.3255 0.0743013
176.898 23.4222 0.0743013
178.199 23.5187 0.0738386
179.5 23.6147 0.0735606
180.803 23.7104 0.0731053
182.107 23.8061 0.0732984
183.413 23.9022 0.0736245
184.72 23.9987 0.0738242
186.029 24.0958 0.0742327
187.339 24.1933 0.0742327
188.651 24.2908 0.0742327
189.965 24.3885 0.0741286
191.281 24.4856 0.0733129
192.598 24.5823 0.0730917
193.919 24.6786 0.0725988
195.242 24.7752 0.0732128
196.568 24.8724 0.0730247
197.896 24.9697 0.0732925
199.227 25.0678 0.073921
200.56 25.1671 0.074697
201.897 25.2675 0.0751516
203.236 25.3683 0.0751516
204.58 25.4693 0.0748842
205.927 25.5697 0.0739465
207.277 25.6692 0.0732572
208.627 25.7684 0.0732572
209.977 25.8677 0.0737453
211.325 25.9676 0.0742208
212.669 26.0682 0.075055
214.011 26.1692 0.0752186
215.351 26.2701 0.0752186
216.687 26.3703 0.0744896
218.019 26.469 0.0734526
219.346 26.566 0.0724056
220.668 26.6617 0.0721414
221.984 26.757 0.072397
223.295 26.8525 0.0730802
224.6 26.9489 0.0743215
225.899 27.0456 0.0743215
227.19 27.1419 0.0746109
228.474 27.2376 0.0741144
229.75 27.3323 0.0739902
231.018 27.4258 0.0733299
232.277 27.5183 0.0733299
233.527 27.6099 0.073023
234.767 27.7006 0.073023
235.995 27.7909 0.0735927
237.213 27.8808 0.0738701
238.419 27.9694 0.0728582
239.611 28.0563 0.0725907
240.791 28.1417 0.0719336
241.956 28.2249 0.0706269
243.107 28.3057 0.0695781
244.242 28.384 0.0682319
245.36 28.4593 0.0662144
246.46 28.531 0.0640375
247.54 28.5992 0.0621028
248.599 28.6636 0.0592838
249.638 28.7235 0.0559617
250.654 28.7783 0.0517916
251.65 28.8272 0.0462598
252.625 28.8687 0.0387541
253.581 28.9017 0.0303344
254.516 28.9253 0.0201154
255.432 28.9384 0.0084844
255.43 28.9384 -0.00500091
256.304 28.9272 -0.0206149
257.157 28.9024 -0.0373699
257.991 28.8635 -0.0559149
258.805 28.8089 -0.0780989
259.6 28.7381 -0.0996519
260.377 28.652 -0.120887
261.141 28.5495 -0.14611
261.894 28.4281 -0.173245
262.638 28.2885 -0.197776
263.373 28.1307 -0.22521
264.098 27.9528 -0.255626
264.813 27.7531 -0.289505
265.516 27.5318 -0.320397
266.207 27.2906 -0.351513
266.885 27.03 -0.38205
267.55 26.7505 -0.413451
268.202 26.4524 -0.444675
268.839 26.136 -0.477199
269.461 25.8018 -0.509347
270.067 25.4502 -0.542127
270.658 25.0815 -0.572734
271.237 24.6954 -0.603375
271.805 24.2919 -0.633137
272.359 23.8708 -0.666696
272.899 23.4295 -0.702545
273.425 22.9692 -0.734795
273.938 22.4914 -0.765735
274.436 21.997 -0.797406
274.919 21.4853 -0.832077
275.385 20.9566 -0.865104
275.835 20.4116 -0.895308
276.27 19.852 -0.923656
276.69 19.278 -0.95582
277.092 18.6893 -0.988024
277.476 18.0858 -1.01968
277.843 17.468 -1.04872
278.193 16.8374 -1.07945
278.524 16.1933 -1.1131
278.835 15.5359 -1.14529
279.126 14.8663 -1.17527
279.397 14.1856 -1.20946
279.644 13.4936 -1.24597
279.868 12.7913 -1.27956
280.068 12.0802 -1.31146
280.247 11.361 -1.3445
280.402 10.6343 -1.37707
280.533 9.9016 -1.40955
280.64 9.16354 -1.44344
280.723 8.42049 -1.47676
280.782 7.6737 -1.50703
280.818 6.92417 -1.53865
280.83 6.17185 -1.57135
280.817 5.4174 -1.60391
280.78 4.66178 -1.63545
280.719 3.9054 -1.66787
280.633 3.14898 -1.70069
280.522 2.39283 -1.73218
280.387 1.63725 -1.76114
280.23 0.882213 -1.79019
280.05 0.129814 -1.82177
279.844 -0.619358 -1.85606
279.613 -1.3644 -1.88719
279.36 -2.10558 -1.91389
279.084 -2.84187 -1.94351
278.785 -3.57218 -1.97626
278.461 -4.2953 -2.00704
278.114 -5.01031 -2.03874
277.743 -5.71714 -2.06858
277.351 -6.41497 -2.09697
276.938 -7.10459 -2.12471
276.504 -7.78497 -2.15285
276.048 -8.45473 -2.18346
275.571 -9.11365 -2.2109
275.075 -9.76161 -2.23781
274.56 -10.3983 -2.2647
274.025 -11.022 -2.29388
273.471 -11.632 -2.32321
272.897 -12.2269 -2.35267
272.304 -12.8057 -2.38457
271.69 -13.3662 -2.41798
271.057 -13.9083 -2.44894
270.405 -14.4317 -2.48116
269.735 -14.9345 -2.51517
269.046 -15.4155 -2.54905
268.34 -15.8742 -2.58126
267.618 -16.3102 -2.61532
266.88 -16.7222 -2.64976
266.126 -17.1091 -2.68506
265.358 -17.4702 -2.71968
264.575 -17.8051 -2.75469
263.779 -18.1122 -2.79237
262.97 -18.3888 -2.83193
262.149 -18.6341 -2.8702
261.319 -18.8484 -2.90768
260.481 -19.0314 -2.94561
259.636 -19.1835 -2.9815
258.784 -19.306 -3.01606
257.928 -19.3986 -3.05164
257.067 -19.4616 -3.08544
256.203 -19.4962 -3.11775
255.336 -19.5025 3.13233
254.466 -19.4795 3.09804
253.593 -19.4287 3.06872
252.718 -19.3535 3.04307
251.841 -19.2565 3.01982
250.961 -19.1395 2.999
250.079 -19.0051 2.98162
249.196 -18.8545 2.96399
248.31 -18.6879 2.9472
247.423 -18.5064 2.93251
246.533 -18.3124 2.92152
245.639 -18.11 2.91594
244.742 -17.9029 2.9135
243.841 -17.6928 2.91164
242.936 -17.4798 2.9095
242.026 -17.264 2.90757
241.113 -17.0451 2.90548
240.194 -16.8236 2.90419
239.272 -16.6 2.90323
238.346 -16.3743 2.90218
237.415 -16.1472 2.90232
236.48 -15.919 2.90232
235.54 -15.6899 2.90243
234.596 -15.4604 2.9037
233.648 -15.2311 2.90518
232.694 -15.0023 2.90695
231.737 -14.7743 2.90867
230.775 -14.5473 2.91115
229.808 -14.3218 2.91383
228.836 -14.0987 2.91799
227.859 -13.8784 2.92157
226.878 -13.6612 2.92609
225.891 -13.4481 2.93154
224.899 -13.239 2.93623
223.902 -13.0341 2.94162
222.899 -12.8335 2.94665
221.892 -12.6376 2.9525
220.879 -12.4468 2.95828
219.86 -12.262 2.96603
218.836 -12.0851 2.97501
217.806 -11.9167 2.98399
216.77 -11.7573 2.99383
215.728 -11.6071 3.003
214.681 -11.4657 3.01192
213.628 -11.3332 3.02091
212.569 -11.209 3.02872
211.504 -11.0928 3.03704
210.434 -10.9853 3.04601
209.359 -10.8877 3.05605
208.278 -10.7998 3.06495
207.191 -10.7202 3.07194
206.101 -10.6475 3.07795
205.006 -10.581 3.08404
203.907 -10.521 3.08991
202.804 -10.4673 3.09619
201.696 -10.421 3.10341
200.584 -10.3823 3.11026
199.468 -10.3512 3.11706
198.349 -10.3273 3.12348
197.225 -10.3102 3.12934
196.099 -10.2998 3.13523
194.969 -10.296 3.14124
193.836 -10.299 -3.13586
192.7 -10.3093 -3.12928
191.561 -10.3268 -3.12323
190.419 -10.3511 -3.11725
189.277 -10.3827 -3.11066
188.133 -10.4213 -3.10511
186.988 -10.4665 -3.09906
185.842 -10.5186 -3.09334
184.695 -10.5768 -3.08845
183.548 -10.641 -3.08296
182.4 -10.7111 -3.07814
181.252 -10.7865 -3.07393
180.103 -10.8672 -3.06892
178.955 -10.9535 -3.06421
177.807 -11.0457 -3.05873
176.66 -11.144 -3.05348
175.514 -11.2486 -3.04767
174.369 -11.3595 -3.04238
173.226 -11.4768 -3.03643
172.084 -11.6005 -3.03089
170.944 -11.7306 -3.02518
169.805 -11.867 -3.01945
168.668 -12.0097 -3.01415
167.532 -12.158 -3.00917
166.399 -12.3117 -3.00442
165.268 -12.4708 -2.99929
164.139 -12.6358 -2.99356
163.014 -12.8068 -2.98803
161.893 -12.983 -2.98343
160.775 -13.1639 -2.97887
159.661 -13.3498 -2.97361
158.55 -13.5406 -2.96956
157.441 -13.7354 -2.9659
156.333 -13.9347 -2.9611
155.227 -14.1389 -2.95691
154.121 -14.3474 -2.95365
153.016 -14.5603 -2.94892
151.912 -14.7778 -2.94522
150.808 -15.0003 -2.94028
149.705 -15.2277 -2.93611
148.603 -15.4589 -2.93356
147.501 -15.6936 -2.92995
146.4 -15.9322 -2.92654
145.299 -16.1737 -2.92464
144.199 -16.4179 -2.92178
143.099 -16.6648 -2.91957
142 -16.9137 -2.91827
140.902 -17.1642 -2.91644
139.804 -17.417 -2.91413
138.706 -17.6717 -2.91301
137.609 -17.9282 -2.91076
136.513 -18.1866 -2.90962
135.417 -18.4462 -2.90826
134.322 -18.7069 -2.90753
133.227 -18.968 -2.90717
132.133 -19.2296 -2.90679
131.039 -19.4918 -2.90577
129.947 -19.7552 -2.90426
128.856 -20.0208 -2.90116
127.77 -20.288 -2.89971
126.686 -20.5565 -2.89806
125.604 -20.8259 -2.89666
124.527 -21.0962 -2.8951
123.453 -21.3674 -2.89333
122.382 -21.6393 -2.89234
121.317 -21.9121 -2.88958
120.256 -22.187 -2.88662
119.199 -22.464 -2.88383
118.147 -22.7436 -2.87977
117.1 -23.0261 -2.87631
116.058 -23.3117 -2.87196
115.021 -23.6005 -2.86806
113.989 -23.8921 -2.86451
112.961 -24.1869 -2.85974
111.939 -24.4851 -2.85573
110.922 -24.7869 -2.85031
109.911 -25.0928 -2.84549
108.905 -25.4024 -2.8407
107.904 -25.7163 -2.83455
106.909 -26.035 -2.82859
105.92 -26.3586 -2.82233
104.936 -26.6862 -2.81802
103.954 -27.0178 -2.81371
102.974 -27.3538 -2.80898
101.995 -27.6949 -2.80367
101.018 -28.0418 -2.79759
100.041 -28.3955 -2.79031
99.0671 -28.7561 -2.78386
98.0943 -29.1239 -2.77642
97.1228 -29.4988 -2.77021
96.1526 -29.8797 -2.76476
95.1843 -30.2677 -2.75613
94.2174 -30.6646 -2.748
93.2522 -31.07 -2.73991
92.2892 -31.4847 -2.73011
91.3281 -31.9096 -2.72052
90.3687 -32.3442 -2.71195
89.4109 -32.7886 -2.70252
88.4553 -33.2443 -2.6907
87.5019 -33.7113 -2.68151
86.5506 -34.1889 -2.6711
85.6019 -34.6789 -2.65857
84.6561 -35.182 -2.64681
83.7135 -35.6984 -2.63413
82.7746 -36.2288 -2.62063
81.8399 -36.7731 -2.60776
80.9097 -37.331 -2.59505
79.9832 -37.9018 -2.58383
79.061 -38.4851 -2.57134
78.1459 -39.081 -2.55738
77.2385 -39.6902 -2.54343
76.3387 -40.3119 -2.53037
75.447 -40.9454 -2.51751
74.5632 -41.5905 -2.50452
73.6875 -42.2467 -2.49256
72.8193 -42.9138 -2.48039
71.9588 -43.5912 -2.46894
71.1067 -44.2788 -2.45621
70.2639 -44.9773 -2.44295
69.4297 -45.6851 -2.43305
68.6036 -46.4003 -2.42298
67.7856 -47.122 -2.41439
66.9745 -47.8475 -2.40919
66.1687 -48.5753 -2.40487
65.3685 -49.3052 -2.39941
64.5744 -50.0373 -2.39418
63.7869 -50.7711 -2.38881
63.0057 -51.5065 -2.3839
62.2303 -52.2426 -2.38047
61.4605 -52.9785 -2.37706
60.6957 -53.7141 -2.37417
59.9361 -54.4493 -2.37081
59.1819 -55.1844 -2.36729
58.4329 -55.9197 -2.36356
57.6889 -56.6542 -2.36166
56.9488 -57.3873 -2.36024
56.2126 -58.1189 -2.35833
55.4807 -58.8496 -2.35569
54.7533 -59.5798 -2.35289
54.0309 -60.3096 -2.34931
53.3134 -61.0387 -2.34711
52.5994 -61.7661 -2.34666
51.8883 -62.4906 -2.34695
51.1806 -63.2123 -2.34602
50.4761 -63.9311 -2.34619
49.7744 -64.6474 -2.3456
49.0763 -65.361 -2.34487
48.3811 -66.0721 -2.34487
47.6883 -66.7797 -2.34633
46.9973 -67.4834 -2.34787
46.3091 -68.1836 -2.34724
45.6246 -68.8816 -2.34564
44.9432 -69.5769 -2.34656
44.2639 -70.2691 -2.34701
43.5878 -70.9587 -2.34566
42.9146 -71.6453 -2.34686
42.2422 -72.3279 -2.35072
41.5705 -73.0049 -2.35373
40.9001 -73.6781 -2.35436
40.2317 -74.3472 -2.3571
39.564 -75.0112 -2.36088
38.8966 -75.6702 -2.36417
38.2299 -76.3237 -2.36821
37.5626 -76.9706 -2.3752
36.8941 -77.6099 -2.38189
36.2246 -78.2423 -2.38742
35.5548 -78.8681 -2.3928
34.885 -79.4875 -2.39779
34.2147 -80.0999 -2.40486
33.5429 -80.7042 -2.41317
32.8698 -81.3004 -2.42019
32.1965 -81.8887 -2.42672
31.5229 -82.4685 -2.43512
30.8487 -83.0387 -2.44398
30.1745 -83.5985 -2.45332
29.5003 -84.1481 -2.46201
28.8261 -84.6876 -2.47146
28.1521 -85.2166 -2.48078
27.4782 -85.7354 -2.49022
26.8039 -86.2431 -2.50234
26.129 -86.7389 -2.51358
25.4536 -87.223 -2.52584
24.7772 -87.6951 -2.53867
24.0997 -88.1553 -2.55116
23.421 -88.6041 -2.56362
22.7415 -89.0412 -2.57614
22.061 -89.4671 -2.58872
21.3793 -89.8817 -2.6015
20.696 -90.285 -2.61539
20.011 -90.6757 -2.63118
19.3242 -91.0538 -2.6455
18.6363 -91.4205 -2.65824
17.9475 -91.7755 -2.67301
17.2568 -92.1178 -2.69
16.5645 -92.4462 -2.70746
15.8707 -92.761 -2.72364
15.1756 -93.0624 -2.74131
14.4791 -93.3493 -2.76036
13.7814 -93.6213 -2.77933
13.0826 -93.8788 -2.79791
12.383 -94.1216 -2.81716
11.6824 -94.3493 -2.83741
10.9815 -94.5623 -2.8559
10.2804 -94.761 -2.87493
9.57956 -94.9453 -2.89397
8.87899 -95.1152 -2.91328
8.17939 -95.2706 -2.93266
7.48122 -95.4117 -2.95191
6.78475 -95.538 -2.97235
6.09058 -95.6485 -2.99528
5.39953 -95.7425 -3.01743
4.71165 -95.8207 -3.03925
4.02716 -95.8841 -3.05927
3.34576 -95.9333 -3.07976
2.6644 -95.9684 -3.10047
1.98169 -95.9895 -3.12086
1.29705 -95.9968 -3.14106
0.610914 -95.9909 3.1237
-0.0769158 -95.972 3.10456
-0.766845 -95.9398 3.08541
-1.45866 -95.8938 3.06514
-2.15273 -95.8341 3.04636
-2.8487 -95.7612 3.02793
-3.54621 -95.6747 3.00868
-4.24523 -95.5744 2.98932
-4.94517 -95.4601 2.97029
-5.64627 -95.3317 2.95052
-6.34819 -95.1893 2.93248
-7.05089 -95.0338 2.91498
-7.75407 -94.8647 2.89617
-8.45774 -94.6822 2.87972
-9.16178 -94.4878 2.86443
-9.86676 -94.282 2.85083
-10.5724 -94.0653 2.8364
-11.2779 -93.8365 2.81967
-11.9829 -93.5949 2.80319
-12.6875 -93.3418 2.79022
-13.3917 -93.0775 2.77474
-14.0946 -92.8003 2.75726
-14.7957 -92.5087 2.73774
-15.4937 -92.2022 2.71774
-16.188 -91.8796 2.69563
-16.878 -91.5398 2.67233
-17.5642 -91.1833 2.65247
-18.2471 -90.8123 2.63564
-18.9262 -90.4273 2.6159
-19.6006 -90.0265 2.5949
-20.2707 -89.6104 2.57679
-20.9362 -89.1804 2.55932
-21.5968 -88.7361 2.53953
-22.2508 -88.276 2.51764
-22.8976 -87.8007 2.49801
-23.5374 -87.3111 2.47879
-24.1699 -86.8076 2.45959
-24.795 -86.2906 2.44171
-25.4122 -85.7608 2.42278
-26.0208 -85.2178 2.40339
-26.6193 -84.6628 2.38437
-27.208 -84.0955 2.36504
-27.7863 -83.516 2.34522
-28.3536 -82.9243 2.32512
-28.9099 -82.3204 2.30524
-29.4544 -81.7049 2.28494
-29.9855 -81.0766 2.26008
-30.5016 -80.4351 2.23646
-31.0024 -79.7809 2.21194
-31.4874 -79.1142 2.18759
-31.9562 -78.4354 2.16276
-32.4085 -77.7445 2.13795
-32.844 -77.0427 2.11459
-33.2634 -76.3298 2.09042
-33.6654 -75.606 2.06538
-34.0498 -74.8724 2.04137
-34.4169 -74.129 2.01746
-34.7666 -73.3766 1.99442
-35.0991 -72.6162 1.97178
-35.4148 -71.8477 1.94924
-35.7137 -71.0718 1.92771
-35.9962 -70.2885 1.90618
-36.2627 -69.4994 1.88678
-36.514 -68.7047 1.86746
-36.7498 -67.9047 1.84736
-36.9689 -67.0992 1.82533
-37.1711 -66.289 1.80541
-37.3579 -65.4749 1.78737
-37.5299 -64.6562 1.76837
-37.6864 -63.833 1.74881
-37.8279 -63.0055 1.73158
-37.9556 -62.174 1.71493
-38.0698 -61.3386 1.69835
-38.1712 -60.4999 1.68371
-38.2607 -59.6595 1.67016
-38.3388 -58.8173 1.65625
-38.4056 -57.9731 1.64335
-38.4619 -57.1272 1.63107
-38.5075 -56.28 1.61828
-38.5422 -55.4315 1.60507
-38.5659 -54.5817 1.59214
-38.5789 -53.7306 1.58011
-38.5824 -52.8783 1.5695
-38.5763 -52.0244 1.55788
-38.56 -51.1695 1.54564
-38.5332 -50.3137 1.5333
-38.4964 -49.4574 1.5223
-38.4505 -48.5999 1.5125
-38.3957 -47.7415 1.50157
-38.3315 -46.8819 1.49091
-38.2585 -46.0218 1.48123
-38.1764 -45.1612 1.47011
-38.0839 -44.3004 1.45743
-37.98 -43.439 1.44412
-37.8643 -42.578 1.43045
-37.7371 -41.7168 1.41784
-37.599 -40.8558 1.40561
-37.4501 -39.9951 1.39326
-37.2897 -39.1352 1.37956
-37.1166 -38.2766 1.36431
-36.9309 -37.4192 1.35051
-36.7332 -36.5636 1.33706
-36.5241 -35.7095 1.32418
-36.3032 -34.8568 1.31039
-36.0705 -34.0059 1.29742
-35.8267 -33.1565 1.28509
-35.5712 -32.3095 1.2706
-35.3033 -31.4655 1.25624
-35.0238 -30.6236 1.24429
-34.7332 -29.7841 1.23084
-34.4312 -28.9477 1.21768
-34.1169 -28.1144 1.20255
-33.7895 -27.2852 1.18706
-33.45 -26.4605 1.17347
-33.0982 -25.6406 1.15742
-32.7321 -24.8262 1.13941
-32.3509 -24.0183 1.12025
-31.9532 -23.2178 1.09928
-31.5393 -22.4248 1.08014
-31.1108 -21.6383 1.0637
-30.6685 -20.8595 1.04497
-30.2107 -20.0887 1.02471
-29.7382 -19.3273 1.00606
-29.2516 -18.5735 0.98911
-28.7514 -17.8279 0.970541
-28.237 -17.0915 0.951725
-27.7082 -16.3646 0.931919
-27.1652 -15.6477 0.9134
-26.6091 -14.9396 0.896463
-26.0403 -14.2412 0.878311
-25.4591 -13.5526 0.861226
-24.8667 -12.8736 0.845621
-24.2626 -12.2035 0.828702
-23.6472 -11.5441 0.811157
-23.0201 -10.8957 0.792919
-22.381 -10.2589 0.774144
-21.7305 -9.6339 0.756725
-21.0689 -9.01986 0.739624
-20.3969 -8.41808 0.721066
-19.7145 -7.82934 0.702563
-19.0215 -7.25393 0.683312
-18.3188 -6.6918 0.666199
-17.6069 -6.14171 0.649481
-16.8862 -5.60464 0.631392
-16.1565 -5.0807 0.61409
-15.4185 -4.5703 0.595963
-14.6723 -4.07328 0.579261
-13.9179 -3.58916 0.561844
-13.1559 -3.11863 0.544515
-12.3863 -2.66181 0.526863
-11.6092 -2.21889 0.509245
-10.8248 -1.78884 0.493747
-10.0339 -1.3709 0.478509
-9.23665 -0.964929 0.463441
-8.43386 -0.571206 0.448505
-7.62476 -0.18949 0.433129
-6.81016 0.17946 0.417429
-5.98965 0.535966 0.402339
-5.16355 0.879573 0.386002
-4.3317 1.21055 0.371351
-3.49492 1.52951 0.357012
-2.65318 1.83692 0.343299
-1.80668 2.13316 0.329981
-0.955416 2.41909 0.318109
-0.0998816 2.69624 0.308455
0.759376 2.96553 0.29895
1.62197 3.22753 0.290808
2.4878 3.48273 0.282436
3.35647 3.73141 0.275209
4.22798 3.97482 0.269512
5.10143 4.21442 0.265949
5.9763 4.45138 0.263063
6.85292 4.68672 0.261486
7.73039 4.9209 0.260115
8.60951 5.15369 0.257601
9.49056 5.38389 0.25353
10.3732 5.61125 0.250667
11.2577 5.83675 0.248617
12.1442 6.05997 0.244743
13.0321 6.28065 0.242454
13.9213 6.49968 0.240547
14.8124 6.71593 0.235642
15.7049 6.92845 0.231877
16.5993 7.1382 0.22884
17.4955 7.34532 0.225394
18.3935 7.54887 0.220403
19.2936 7.74829 0.21566
20.1955 7.94442 0.212573
21.0993 8.13781 0.209066
22.0052 8.32749 0.203731
22.9131 8.51341 0.200246
23.8226 8.69648 0.197016
24.7343 8.87669 0.193265
25.6483 9.05387 0.189686
26.5641 9.22858 0.187336
27.4815 9.40139 0.185044
28.4002 9.57094 0.179933
29.3196 9.73615 0.175667
30.2394 9.89876 0.174327
31.1589 10.0594 0.171573
32.0782 10.2173 0.168571
32.9972 10.3733 0.167878
33.9153 10.5285 0.167006
34.8331 10.6829 0.166194
35.7501 10.8367 0.166194
36.6667 10.9896 0.164505
37.5832 11.1407 0.162202
38.5 11.2903 0.161322
39.4174 11.4387 0.159401
40.3355 11.5848 0.156297
41.254 11.7285 0.154074
42.1729 11.8706 0.152638
43.0925 12.0114 0.151309
44.0123 12.1507 0.149234
44.9329 12.2878 0.146521
45.8535 12.4224 0.143841
46.7735 12.555 0.142344
47.6932 12.6852 0.139076
48.6128 12.8131 0.137188
49.5319 12.9385 0.13406
50.4507 13.0612 0.131427
51.3693 13.1814 0.128771
52.2878 13.2985 0.124904
53.2064 13.4121 0.121097
54.1257 13.5226 0.11832
55.0458 13.631 0.116067
55.9672 13.7372 0.113505
56.8897 13.8412 0.11106
57.8133 13.9428 0.108145
58.7379 14.0422 0.105904
59.6636 14.14 0.104688
60.5903 14.2377 0.105383
61.5179 14.3358 0.105383
62.4462 14.4338 0.105028
63.3751 14.5315 0.10451
64.3051 14.6291 0.10451
65.2357 14.7265 0.104135
66.1671 14.8236 0.103614
67.0993 14.9204 0.103287
68.0325 15.0171 0.103287
68.9661 15.1138 0.102973
69.901 15.2099 0.102
70.8366 15.3058 0.102358
71.7733 15.4016 0.1015
72.7106 15.4969 0.100977
73.6487 15.5916 0.100378
74.5876 15.6858 0.0995656
75.5273 15.7793 0.0988543
76.4675 15.8724 0.0984583
77.4085 15.9651 0.0978505
78.3499 16.0573 0.0974567
79.2917 16.1494 0.0974567
80.2344 16.2412 0.0968356
81.1776 16.3329 0.0968356
82.1215 16.4244 0.0966424
83.0655 16.5156 0.0958852
84.0102 16.606 0.0949449
84.9555 16.6961 0.0950762
85.9011 16.7861 0.0947169
86.8472 16.8754 0.0934236
87.7938 16.9636 0.0925666
88.7407 17.0512 0.0918777
89.6881 17.1377 0.0902162
90.6365 17.2227 0.0886076
91.5855 17.3071 0.0886076
92.5351 17.3907 0.0870093
93.4851 17.4724 0.0847548
94.4359 17.5529 0.0839977
95.3875 17.6323 0.0825457
96.3393 17.7101 0.0805283
97.2919 17.7863 0.0792572
98.2449 17.8611 0.0772992
99.1985 17.9337 0.074599
100.153 18.0044 0.0734064
101.108 18.074 0.0720601
102.063 18.1417 0.0694394
103.019 18.208 0.0691829
103.975 18.2742 0.0689399
104.932 18.34 0.0684264
105.889 18.4056 0.0684264
106.846 18.4712 0.0684264
107.804 18.5363 0.067333
108.763 18.6007 0.0667707
109.722 18.6645 0.0661005
110.682 18.7277 0.0654872
111.642 18.7905 0.0649725
112.603 18.853 0.0649725
113.564 18.9155 0.0649725
114.526 18.9781 0.0649725
115.489 19.0408 0.0649725
116.452 19.1032 0.0645039
117.416 19.1653 0.064056
118.381 19.2273 0.0644228
119.346 19.2896 0.0645875
120.311 19.3518 0.0639384
121.277 19.414 0.0647461
122.244 19.4769 0.0650682
123.211 19.5399 0.0650682
124.179 19.6032 0.0655351
125.148 19.6672 0.0664091
126.118 19.7317 0.0664091
127.089 19.7964 0.0668025
128.06 19.8615 0.0668025
129.033 19.9268 0.0673059
130.006 19.9923 0.0670542
130.981 20.0577 0.0670542
131.958 20.1233 0.0670542
132.936 20.1893 0.0676728
133.916 20.2559 0.067884
134.899 20.3228 0.0681922
135.883 20.3906 0.0692103
136.871 20.459 0.0692103
137.861 20.5277 0.0692103
138.855 20.5969 0.0698857
139.852 20.6668 0.0702364
140.852 20.7373 0.0703561
141.856 20.8082 0.0707832
142.863 20.8796 0.0707832
143.874 20.9516 0.0713112
144.889 21.0241 0.0713112
145.908 21.097 0.0715681
146.931 21.1704 0.0717019
147.957 21.2444 0.0723426
148.987 21.319 0.0722013
150.021 21.3942 0.0729869
151.059 21.4701 0.0729869
152.1 21.5462 0.0729869
153.145 21.623 0.0737201
154.193 21.7004 0.0737201
155.244 21.778 0.0737201
156.299 21.8561 0.0740789
157.357 21.9349 0.074461
158.418 22.0136 0.073679
159.483 22.0923 0.0739257
160.551 22.1713 0.073634
161.623 22.2502 0.0734783
162.697 22.3289 0.0726801
163.776 22.4077 0.0731688
164.857 22.4868 0.0728827
165.943 22.5657 0.0722441
167.031 22.6446 0.0724876
168.124 22.7237 0.0720196
169.219 22.8025 0.0715528
170.318 22.8814 0.0717545
171.421 22.9601 0.0708755
172.526 23.0386 0.0708755
173.633 23.1171 0.0707666
174.741 23.1954 0.0702401
175.85 23.2733 0.0701196
176.96 23.3512 0.0698937
178.071 23.4288 0.0695982
179.183 23.5058 0.0687705
180.295 23.5823 0.0686662
181.407 23.659 0.0688443
182.521 23.7355 0.068541
183.634 23.8116 0.0677853
184.749 23.8873 0.0677853
185.864 23.9627 0.0672583
186.98 24.0374 0.0665718
188.095 24.1119 0.0668002
189.212 24.1859 0.0655757
190.328 24.2593 0.0655757
191.445 24.3323 0.0650058
192.562 24.4046 0.0643216
193.68 24.4769 0.0649112
194.798 24.5495 0.0645918
195.917 24.6215 0.064022
197.036 24.6932 0.064022
198.155 24.7649 0.0638718
199.274 24.8369 0.0645608
200.394 24.9097 0.0653456
201.514 24.9831 0.0654465
202.635 25.0563 0.0650721
203.754 25.1292 0.0650721
204.872 25.2022 0.0652152
205.989 25.2751 0.0652152
207.105 25.3484 0.0659837
208.219 25.4228 0.0672078
209.332 25.4979 0.0675877
210.443 25.5737 0.0687597
211.553 25.6506 0.069577
212.66 25.7284 0.0707032
213.765 25.8071 0.071438
214.869 25.886 0.071438
215.97 25.965 0.0716657
217.07 26.0435 0.0708387
218.168 26.1215 0.0710368
219.264 26.1998 0.0716842
220.358 26.2789 0.0725942
221.45 26.3591 0.0739917
222.539 26.4409 0.076062
223.626 26.5244 0.0771904
224.712 26.6086 0.0776878
225.795 26.6935 0.0785498
226.878 26.7787 0.0785498
227.96 26.8639 0.0787473
229.04 26.9493 0.0788982
230.12 27.0347 0.0790371
231.197 27.1206 0.0800383
232.273 27.207 0.0802031
233.347 27.2934 0.080401
234.418 27.3802 0.0813294
235.486 27.4676 0.0818974
236.552 27.5548 0.0814849
237.613 27.6414 0.0812821
238.671 27.7274 0.0810932
239.724 27.8128 0.0808102
240.77 27.8974 0.0806218
241.809 27.9809 0.0796251
242.838 28.0629 0.0792688
243.858 28.1436 0.0788951
244.865 28.2229 0.0782545
245.859 28.3007 0.0779445
246.838 28.3767 0.0769903
247.802 28.4504 0.0755713
248.75 28.5207 0.0724009
249.681 28.5863 0.0682585
250.597 28.6461 0.06225
251.496 28.6992 0.0555635
252.38 28.7448 0.0476508
253.247 28.7824 0.0389814
254.097 28.8109 0.0281014
254.931 28.8295 0.0165094
255.748 28.8374 0.00269341
255.746 28.8374 -0.0131919
256.528 28.8199 -0.0314759
257.293 28.7871 -0.0543839
258.04 28.7375 -0.0779599
258.773 28.6726 -0.0986959
259.495 28.5926 -0.121883
260.209 28.495 -0.150208
260.913 28.3782 -0.1784
261.609 28.2435 -0.204316
262.294 28.0909 -0.233618
262.968 27.9187 -0.266577
263.631 27.7255 -0.301133
264.281 27.5122 -0.332983
264.918 27.2805 -0.364391
265.543 27.031 -0.394955
266.158 26.7637 -0.425165
266.766 26.4785 -0.452258
267.367 26.1761 -0.480568
267.96 25.8559 -0.509613
268.544 25.518 -0.539398
269.118 25.1627 -0.56887
269.682 24.7903 -0.598196
270.235 24.4019 -0.625982
270.778 23.9976 -0.65471
271.308 23.5769 -0.686304
271.825 23.1396 -0.71745
272.329 22.6862 -0.747688
272.82 22.2177 -0.77744
273.297 21.7345 -0.805283
273.761 21.2368 -0.836983
274.209 20.7242 -0.868216
274.642 20.1975 -0.8966
275.061 19.6576 -0.924946
275.464 19.1039 -0.957759
275.851 18.5361 -0.988735
276.221 17.9553 -1.01873
276.574 17.3618 -1.04779
276.911 16.7557 -1.07938
277.229 16.1375 -1.11195
277.529 15.5065 -1.14281
277.811 14.8645 -1.16984
278.075 14.2118 -1.20257
278.318 13.5483 -1.23876
278.538 12.8745 -1.2709
278.738 12.1919 -1.3004
278.919 11.5016 -1.32895
279.08 10.8041 -1.35875
279.22 10.1006 -1.38844
279.34 9.39138 -1.42021
279.437 8.67686 -1.45177
279.512 7.95863 -1.48072
279.566 7.2364 -1.51057
279.599 6.51107 -1.54055
279.61 5.78326 -1.57135
279.598 5.05327 -1.6019
279.565 4.3217 -1.63199
279.508 3.58878 -1.66319
279.429 2.85539 -1.69489
279.325 2.1215 -1.72608
279.2 1.38775 -1.75485
279.052 0.654998 -1.78514
278.879 -0.0752211 -1.81979
278.681 -0.802126 -1.8543
278.459 -1.52557 -1.88284
278.216 -2.24524 -1.9099
277.951 -2.95979 -1.94262
277.661 -3.66745 -1.97636
277.347 -4.36757 -2.0088
277.009 -5.05867 -2.04209
276.648 -5.74077 -2.07438
276.263 -6.41265 -2.10608
275.857 -7.07419 -2.13826
275.427 -7.72395 -2.17249
274.973 -8.36041 -2.20769
274.496 -8.98325 -2.24067
273.998 -9.59301 -2.27079
273.48 -10.1894 -2.30164
272.941 -10.7717 -2.33264
272.384 -11.3389 -2.36194
271.809 -11.8914 -2.39044
271.216 -12.4281 -2.4217
270.605 -12.9472 -2.45357
269.975 -13.4487 -2.48408
269.329 -13.9324 -2.51364
268.667 -14.3972 -2.54554
267.989 -14.842 -2.57688
267.295 -15.2667 -2.60731
266.587 -15.6709 -2.63894
265.864 -16.0531 -2.67113
265.127 -16.412 -2.70551
264.377 -16.7471 -2.7376
263.614 -17.0591 -2.76909
262.84 -17.3474 -2.80105
262.055 -17.6114 -2.83339
261.26 -17.8505 -2.86555
260.456 -18.0646 -2.8973
259.643 -18.2534 -2.92947
258.822 -18.4162 -2.96197
257.994 -18.5531 -2.99369
257.158 -18.664 -3.02552
256.318 -18.7484 -3.05747
255.473 -18.8066 -3.08827
254.622 -18.8394 -3.11777
253.768 -18.8467 3.13493
252.91 -18.8286 3.1061
252.048 -18.786 3.07813
251.183 -18.7192 3.05107
250.314 -18.629 3.02516
249.442 -18.5171 3.00287
248.568 -18.3854 2.98136
247.691 -18.2355 2.96315
246.811 -18.0698 2.94785
245.928 -17.8912 2.93594
245.042 -17.7019 2.92662
244.15 -17.5039 2.91939
243.254 -17.2984 2.91299
242.353 -17.0869 2.90926
241.446 -16.8709 2.90613
240.534 -16.6511 2.90421
239.615 -16.4279 2.90226
238.691 -16.2017 2.90089
237.76 -15.9726 2.89946
236.824 -15.7417 2.9003
235.881 -15.51 2.90101
234.932 -15.2773 2.90136
233.976 -15.0435 2.90177
233.014 -14.8091 2.90325
232.046 -14.5753 2.90621
231.071 -14.3434 2.90984
230.089 -14.1134 2.91328
229.101 -13.8858 2.91716
228.106 -13.6605 2.9208
227.103 -13.4376 2.92469
226.094 -13.2175 2.929
225.078 -13.0011 2.93444
224.056 -12.7891 2.94005
223.026 -12.5815 2.94532
221.989 -12.379 2.95213
220.944 -12.1821 2.95839
219.893 -11.9914 2.96605
218.834 -11.808 2.97416
217.767 -11.6327 2.9832
216.693 -11.4663 2.99251
215.612 -11.3097 3.00322
214.522 -11.163 3.01219
213.425 -11.0256 3.02179
212.322 -10.8979 3.03089
211.211 -10.7792 3.03932
210.094 -10.6699 3.04889
208.97 -10.5711 3.05895
207.84 -10.4834 3.06932
206.705 -10.4062 3.07804
205.565 -10.3387 3.08692
204.421 -10.2811 3.09566
203.273 -10.2332 3.10409
202.121 -10.1948 3.11248
200.965 -10.1659 3.12056
199.807 -10.1463 3.12879
198.645 -10.1357 3.13623
197.48 -10.1331 -3.14062
196.313 -10.1377 -3.13467
195.144 -10.1486 -3.12994
193.973 -10.1653 -3.12467
192.801 -10.1882 -3.11941
191.629 -10.2174 -3.11409
190.456 -10.2528 -3.10875
189.284 -10.2944 -3.10335
188.114 -10.3425 -3.09778
186.945 -10.3962 -3.09354
185.778 -10.455 -3.0889
184.614 -10.519 -3.08449
183.452 -10.5881 -3.07998
182.292 -10.6621 -3.07569
181.135 -10.7407 -3.07196
179.98 -10.8237 -3.06768
178.829 -10.9111 -3.06391
177.681 -11.0026 -3.06024
176.537 -11.0983 -3.05607
175.397 -11.1982 -3.05227
174.262 -11.3021 -3.04845
173.131 -11.4102 -3.04395
172.006 -11.5228 -3.03989
170.885 -11.6393 -3.03609
169.769 -11.7599 -3.03181
168.657 -11.8848 -3.02766
167.55 -12.0138 -3.02358
166.447 -12.1468 -3.0195
165.349 -12.284 -3.01504
164.256 -12.4257 -3.01052
163.167 -12.5718 -3.00574
162.083 -12.7229 -3.00051
161.004 -12.8787 -2.99592
159.929 -13.0391 -2.99092
158.859 -13.2045 -2.98543
157.794 -13.3747 -2.98087
156.734 -13.5488 -2.97665
155.679 -13.7274 -2.97125
154.628 -13.9108 -2.96643
153.582 -14.0978 -2.96294
152.541 -14.2882 -2.95861
151.504 -14.4819 -2.95507
150.471 -14.6786 -2.95178
149.443 -14.8785 -2.94722
148.42 -15.0813 -2.94448
147.401 -15.2862 -2.94197
146.384 -15.4936 -2.93881
145.368 -15.7041 -2.93573
144.353 -15.9174 -2.93336
143.338 -16.1335 -2.93035
142.323 -16.3527 -2.92747
141.308 -16.5741 -2.92598
140.294 -16.797 -2.92469
139.28 -17.022 -2.92183
138.266 -17.2503 -2.91842
137.253 -17.4829 -2.91323
136.241 -17.72 -2.90957
135.229 -17.9606 -2.90678
134.218 -18.204 -2.90374
133.208 -18.4498 -2.90193
132.199 -18.6977 -2.89978
131.19 -18.9473 -2.89847
130.18 -19.1987 -2.8967
129.171 -19.452 -2.89464
128.162 -19.7074 -2.89245
127.154 -19.9648 -2.89098
126.145 -20.2231 -2.89062
125.137 -20.482 -2.89012
124.128 -20.7416 -2.88946
123.118 -21.0017 -2.88935
122.108 -21.2618 -2.88973
121.099 -21.5217 -2.88956
120.09 -21.782 -2.88854
119.082 -22.0432 -2.88733
118.077 -22.3054 -2.88572
117.074 -22.569 -2.88346
116.074 -22.8333 -2.88271
115.078 -23.098 -2.88111
114.085 -23.3632 -2.8799
113.096 -23.6283 -2.87957
112.111 -23.8932 -2.87808
111.13 -24.1583 -2.87726
110.154 -24.4232 -2.87623
109.181 -24.688 -2.87522
108.213 -24.9526 -2.87441
107.249 -25.2176 -2.87249
106.289 -25.483 -2.87122
105.332 -25.7494 -2.86873
104.38 -26.0173 -2.86574
103.433 -26.2882 -2.86038
102.491 -26.5638 -2.85358
101.554 -26.8449 -2.84642
100.624 -27.1322 -2.83784
99.6992 -27.4265 -2.8291
98.7811 -27.7281 -2.81921
97.8692 -28.0376 -2.80954
96.9645 -28.355 -2.79884
96.0661 -28.6801 -2.78997
95.1743 -29.0121 -2.78047
94.2897 -29.352 -2.76898
93.4108 -29.7006 -2.759
92.5359 -30.0578 -2.74896
91.6655 -30.4236 -2.73864
90.7989 -30.7984 -2.72795
89.9359 -31.1828 -2.71712
89.0768 -31.5777 -2.70448
88.2225 -31.9837 -2.69134
87.3726 -32.4016 -2.67783
86.5275 -32.8305 -2.66618
85.6871 -33.2708 -2.65185
84.852 -33.7224 -2.63994
84.0208 -34.1846 -2.62808
83.1946 -34.6585 -2.61366
82.3739 -35.1439 -2.6013
81.5578 -35.6402 -2.58917
80.7461 -36.1466 -2.57835
79.9393 -36.6622 -2.56768
79.1361 -37.1869 -2.5581
78.3364 -37.7191 -2.55069
77.5405 -38.2588 -2.54067
76.7496 -38.8074 -2.52969
75.9637 -39.3643 -2.52045
75.182 -39.929 -2.51154
74.4054 -40.5011 -2.50183
73.6345 -41.0805 -2.49233
72.8691 -41.6657 -2.48522
72.1085 -42.2561 -2.47799
71.3532 -42.8506 -2.47154
70.6037 -43.4488 -2.4644
69.8606 -44.0516 -2.45576
69.1232 -44.6595 -2.44844
68.3908 -45.2719 -2.44193
67.663 -45.8899 -2.43321
66.9403 -46.514 -2.42545
66.221 -47.1435 -2.41983
65.5046 -47.7781 -2.41353
64.7913 -48.4179 -2.40742
64.0809 -49.0632 -2.40098
63.3737 -49.7139 -2.39452
62.6689 -50.3712 -2.38758
61.9662 -51.0353 -2.38124
61.2658 -51.7053 -2.37554
60.5672 -52.381 -2.37025
59.87 -53.0618 -2.36582
59.1744 -53.7463 -2.36273
58.48 -54.4345 -2.35872
57.7875 -55.1261 -2.35484
57.0967 -55.8208 -2.35205
56.4076 -56.5172 -2.34975
55.7202 -57.2149 -2.34766
55.0347 -57.9136 -2.34577
54.3513 -58.6125 -2.34418
53.6701 -59.3117 -2.34207
52.992 -60.0106 -2.34014
52.3171 -60.7086 -2.33857
51.6445 -61.4053 -2.33857
50.974 -62.0993 -2.33933
50.3068 -62.7911 -2.33709
49.6433 -63.4809 -2.33629
48.9832 -64.1681 -2.33583
48.3263 -64.8527 -2.33537
47.6719 -65.5344 -2.33615
47.019 -66.2119 -2.33927
46.367 -66.8848 -2.34159
45.7166 -67.5536 -2.3429
45.0691 -68.2193 -2.34176
44.4249 -68.8822 -2.34197
43.7826 -69.5415 -2.34436
43.1419 -70.1967 -2.34558
42.5041 -70.8485 -2.34505
41.8685 -71.4971 -2.34708
41.2338 -72.1409 -2.35119
40.6 -72.7799 -2.35298
39.9683 -73.4158 -2.3528
39.3395 -74.0484 -2.35346
38.7127 -74.6773 -2.35565
38.087 -75.3021 -2.35808
37.463 -75.9226 -2.36005
36.8403 -76.5385 -2.36339
36.2183 -77.149 -2.36754
35.5972 -77.7547 -2.37005
34.9775 -78.3556 -2.37303
34.3597 -78.9525 -2.37395
33.7441 -79.5458 -2.37525
33.1303 -80.1344 -2.37906
32.5167 -80.7172 -2.3848
31.9033 -81.2941 -2.3889
31.2906 -81.8651 -2.39386
30.6782 -82.4293 -2.40045
30.0656 -82.9864 -2.40666
29.4528 -83.5354 -2.41545
28.8393 -84.0752 -2.42456
28.2252 -84.6055 -2.43402
27.6107 -85.1259 -2.44403
26.9957 -85.6362 -2.4539
26.38 -86.1356 -2.46615
25.763 -86.6226 -2.48085
25.144 -87.0973 -2.49391
24.5242 -87.5601 -2.50644
23.9042 -88.0114 -2.51828
23.2839 -88.4499 -2.53411
22.6624 -88.8742 -2.55106
22.0399 -89.2852 -2.5651
21.4162 -89.6849 -2.57816
20.7912 -90.0733 -2.59303
20.1642 -90.4499 -2.60823
19.5358 -90.8142 -2.62444
18.9055 -91.1658 -2.64083
18.274 -91.5062 -2.65362
17.6417 -91.836 -2.66804
17.009 -92.155 -2.68138
16.3764 -92.4627 -2.69632
15.7439 -92.7584 -2.71229
15.1125 -93.0417 -2.7273
14.4831 -93.313 -2.74197
13.8555 -93.5724 -2.75717
13.2306 -93.8198 -2.77221
12.6088 -94.0552 -2.7872
11.9905 -94.2778 -2.80482
11.3756 -94.4874 -2.82138
10.7649 -94.6842 -2.83813
10.1591 -94.8678 -2.85651
9.5572 -95.0384 -2.87444
8.95871 -95.1968 -2.89101
8.36335 -95.3438 -2.90829
7.77123 -95.4789 -2.92621
7.18282 -95.6019 -2.94477
6.5982 -95.7127 -2.96389
6.01743 -95.8114 -2.98256
5.44096 -95.8986 -3.00049
4.86801 -95.9742 -3.02007
4.29524 -96.0395 -3.03603
3.72258 -96.0949 -3.05455
3.15079 -96.1397 -3.07213
2.57957 -96.1746 -3.08883
2.00852 -96.2 -3.10561
1.43643 -96.2158 -3.12244
0.862947 -96.2224 -3.1375
0.288739 -96.22 3.12886
-0.286992 -96.208 3.11295
-0.864611 -96.1875 3.099
-1.44547 -96.1588 3.08552
-2.03055 -96.1217 3.071
-2.61999 -96.0761 3.05797
-3.21401 -96.0224 3.0448
-3.81265 -95.9611 3.03423
-4.41644 -95.8925 3.02261
-5.0246 -95.8155 3.0087
-5.63728 -95.7294 2.99543
-6.25439 -95.6346 2.9828
-6.87609 -95.531 2.97016
-7.50201 -95.418 2.9559
-8.13187 -95.2952 2.94201
-8.76505 -95.1621 2.927
-9.40117 -95.0188 2.91295
-10.0402 -94.8651 2.89824
-10.6811 -94.7006 2.88238
-11.3241 -94.525 2.86755
-11.9687 -94.3377 2.85021
-12.6144 -94.138 2.83311
-13.2604 -93.9263 2.81661
-13.9065 -93.7027 2.80027
-14.5522 -93.4676 2.78454
-15.1968 -93.221 2.76778
-15.8403 -92.9621 2.75052
-16.4818 -92.6917 2.73482
-17.1211 -92.41 2.71809
-17.757 -92.1166 2.70067
-18.389 -91.8112 2.68204
-19.0171 -91.4929 2.66327
-19.6414 -91.1628 2.64727
-20.2627 -90.8219 2.63216
-20.8803 -90.4702 2.61554
-21.4942 -90.1056 2.59574
-22.1037 -89.728 2.57827
-22.7094 -89.3391 2.56333
-23.3112 -88.9398 2.54821
-23.9089 -88.53 2.53296
-24.5013 -88.1093 2.51504
-25.0864 -87.6762 2.49401
-25.6634 -87.2304 2.4734
-26.233 -86.7722 2.45496
-26.7947 -86.3028 2.4359
-27.3472 -85.8214 2.41404
-27.8897 -85.3266 2.39021
-28.4215 -84.8192 2.36901
-28.9429 -84.2991 2.34606
-29.4529 -83.7663 2.32246
-29.9513 -83.2202 2.2987
-30.4377 -82.6616 2.27563
-30.9126 -82.0906 2.25354
-31.3754 -81.5081 2.23083
-31.8252 -80.9136 2.20603
-32.2619 -80.3074 2.18436
-32.6859 -79.6901 2.16083
-33.0963 -79.0616 2.1376
-33.4929 -78.4219 2.11396
-33.876 -77.7716 2.09242
-34.2465 -77.1116 2.07221
-34.6047 -76.4425 2.05239
-34.9497 -75.7639 2.03007
-35.2812 -75.0757 2.00919
-35.5993 -74.3791 1.98921
-35.9043 -73.6738 1.96861
-36.1957 -72.9601 1.94827
-36.4737 -72.2387 1.92902
-36.7397 -71.5098 1.91236
-36.9943 -70.7743 1.8957
-37.2369 -70.0319 1.87764
-37.4675 -69.2832 1.86155
-37.687 -68.5289 1.8464
-37.8948 -67.7692 1.82926
-38.0897 -67.0046 1.81132
-38.2711 -66.2352 1.79348
-38.4395 -65.4616 1.77673
-38.5954 -64.6838 1.76062
-38.7397 -63.9024 1.74611
-38.8737 -63.117 1.73355
-38.9981 -62.3287 1.72105
-39.1123 -61.5368 1.70703
-39.2158 -60.7418 1.69329
-39.3082 -59.9431 1.67883
-39.3901 -59.1416 1.66643
-39.4625 -58.3373 1.65467
-39.5264 -57.5304 1.6448
-39.5821 -56.7211 1.63423
-39.6292 -55.9097 1.62336
-39.6673 -55.0962 1.61197
-39.6965 -54.2808 1.60121
-39.7169 -53.4642 1.59035
-39.7289 -52.6459 1.5804
-39.7324 -51.8269 1.56977
-39.7268 -51.007 1.5582
-39.7118 -50.1869 1.54692
-39.688 -49.3674 1.53639
-39.6561 -48.5492 1.52743
-39.6159 -47.7316 1.51592
-39.5665 -46.9155 1.50469
-39.5082 -46.1009 1.49395
-39.4408 -45.2876 1.48227
-39.3634 -44.4763 1.46921
-39.2756 -43.6673 1.45604
-39.1771 -42.8602 1.44285
-39.0683 -42.0556 1.4298
-38.9486 -41.2532 1.4157
-38.8182 -40.4538 1.40258
-38.6777 -39.6565 1.39016
-38.5274 -38.8625 1.37726
-38.366 -38.0719 1.36142
-38.1926 -37.2844 1.34673
-38.009 -36.5006 1.33461
-37.8159 -35.7198 1.32215
-37.6126 -34.943 1.30757
-37.3986 -34.17 1.29379
-37.1746 -33.4003 1.28151
-36.9411 -32.6348 1.26788
-36.6968 -31.8734 1.25275
-36.4423 -31.1168 1.24003
-36.1788 -30.364 1.22811
-35.9058 -29.6151 1.21434
-35.6233 -28.8709 1.20167
-35.3308 -28.1315 1.18636
-35.0276 -27.3969 1.17255
-34.7146 -26.6662 1.15957
-34.3921 -25.9376 1.14861
-34.0598 -25.212 1.13407
-33.717 -24.4901 1.1209
-33.3637 -23.7717 1.1065
-32.9994 -23.0577 1.09148
-32.6239 -22.3475 1.07734
-32.2385 -21.6411 1.06545
-31.843 -20.9388 1.05034
-31.4356 -20.2415 1.03363
-31.016 -19.5502 1.01712
-30.5855 -18.864 1.00371
-30.1446 -18.183 0.988829
-29.6921 -17.5074 0.972277
-29.2275 -16.8388 0.954748
-28.7504 -16.1773 0.937152
-28.2613 -15.523 0.920778
-27.7613 -14.8752 0.906116
-27.2503 -14.2346 0.888894
-26.7275 -13.6022 0.870997
-26.193 -12.9778 0.85474
-25.648 -12.3614 0.838797
-25.0917 -11.7531 0.82124
-24.5239 -11.1537 0.80366
-23.9443 -10.5639 0.784497
-23.3525 -9.98384 0.766403
-22.7485 -9.41216 0.749303
-22.1328 -8.84897 0.732576
-21.5052 -8.29454 0.714555
-20.8656 -7.74985 0.696178
-20.2135 -7.21536 0.677129
-19.5491 -6.69097 0.659207
-18.874 -6.177 0.642192
-18.1873 -5.67289 0.624363
-17.4891 -5.17884 0.607162
-16.7795 -4.69452 0.590656
-16.0588 -4.21968 0.574482
-15.3267 -3.75431 0.557962
-14.583 -3.29891 0.541042
-13.8281 -2.85358 0.524864
-13.0627 -2.4192 0.507553
-12.2864 -1.99578 0.491046
-11.4998 -1.58297 0.475544
-10.7032 -1.18032 0.460472
-9.89708 -0.788007 0.445388
-9.08093 -0.406512 0.429123
-8.25505 -0.0367281 0.412827
-7.41933 0.321683 0.397454
-6.57442 0.669382 0.383347
-5.72059 1.00635 0.368435
-4.85776 1.33288 0.355129
-3.98691 1.64951 0.342318
-3.10822 1.95682 0.330556
-2.22174 2.25593 0.32028
-1.32819 2.54756 0.310672
-0.427934 2.83245 0.302304
0.478731 3.11182 0.295479
1.39103 3.3876 0.291636
2.30836 3.6614 0.288494
3.23049 3.9343 0.286953
4.15691 4.20646 0.284529
5.08807 4.47689 0.280773
6.02471 4.7453 0.2774
6.96625 5.01116 0.273007
7.91376 5.27376 0.267703
8.8672 5.53153 0.260385
9.82685 5.78419 0.25451
10.7926 6.03207 0.248
11.7647 6.27428 0.240379
12.7429 6.51089 0.234228
13.727 6.74224 0.227585
14.7171 6.96732 0.219498
15.713 7.18649 0.213717
16.715 7.4005 0.207116
17.7231 7.60834 0.199539
18.7376 7.80913 0.191248
19.7578 8.00335 0.184994
20.7842 8.19214 0.178817
21.816 8.37542 0.172762
22.8534 8.55467 0.169463
23.8959 8.73084 0.165353
24.9439 8.90346 0.161149
25.9968 9.07288 0.157908
27.054 9.23946 0.154666
28.1155 9.40301 0.151055
29.1808 9.56452 0.149897
30.2489 9.72537 0.149028
31.3197 9.88538 0.147635
32.3934 10.0452 0.147861
33.4697 10.2053 0.147536
34.5485 10.3651 0.146497
35.6289 10.5243 0.146215
36.7101 10.6835 0.14605
37.7921 10.8422 0.145214
38.8744 11.0007 0.145773
39.956 11.1602 0.1469
41.0368 11.3199 0.146479
42.1164 11.4791 0.146479
43.1947 11.6385 0.146966
44.272 11.7985 0.147874
45.3479 11.9587 0.147874
46.4229 12.1195 0.149023
47.4963 12.2808 0.149351
48.5686 12.4418 0.148601
49.6399 12.602 0.148324
50.7097 12.7624 0.149304
51.7786 12.9227 0.148388
52.8465 13.0818 0.147552
53.9123 13.24 0.147064
54.9763 13.3971 0.146119
56.0378 13.5532 0.145826
57.0971 13.7083 0.145055
58.1533 13.862 0.144011
59.2065 14.0139 0.142374
60.2571 14.164 0.141534
61.3045 14.3124 0.13989
62.3492 14.4586 0.138158
63.3912 14.6029 0.137116
64.4324 14.7459 0.135855
65.4734 14.8871 0.133763
66.5138 15.0265 0.132654
67.5538 15.1646 0.131368
68.5933 15.301 0.129606
69.6327 15.4357 0.128158
70.6717 15.569 0.126919
71.7103 15.7 0.124061
72.7488 15.8283 0.121842
73.7869 15.9541 0.119245
74.8248 16.077 0.116535
75.8621 16.1971 0.11395
76.8989 16.3144 0.111356
77.9351 16.429 0.108921
78.9709 16.5412 0.106895
80.0059 16.651 0.10448
81.0402 16.7584 0.102556
82.0734 16.8626 0.0984522
83.106 16.9622 0.0939266
84.1375 17.0578 0.0908886
85.1681 17.1503 0.0879922
86.1977 17.2396 0.0850738
87.2264 17.3262 0.0829135
88.2536 17.4104 0.0806889
89.2803 17.4918 0.0774696
90.3063 17.5704 0.0754846
91.3313 17.6473 0.0742575
92.3555 17.722 0.0713618
93.3786 17.7944 0.0699624
94.4008 17.8656 0.069079
95.4218 17.9353 0.0674075
96.4419 18.0039 0.0667934
97.4607 18.0719 0.0665309
98.4783 18.139 0.065191
99.495 18.2051 0.0646452
100.51 18.2707 0.0643947
101.524 18.3353 0.0627328
102.537 18.3993 0.0634991
103.548 18.4632 0.0628363
104.559 18.5265 0.0621739
105.568 18.5896 0.0627922
106.576 18.6527 0.0621891
107.585 18.7152 0.0615517
108.595 18.7772 0.0611688
109.604 18.8389 0.0609075
110.614 18.9002 0.0603836
111.625 18.9613 0.060229
112.637 19.0223 0.060229
113.649 19.083 0.0594374
114.663 19.1435 0.0599077
115.677 19.2039 0.0589796
116.692 19.2634 0.0581869
117.708 19.3226 0.0582948
118.725 19.3816 0.0575811
119.742 19.4398 0.0567125
120.761 19.4978 0.0570261
121.78 19.5557 0.0565873
122.8 19.6132 0.0560371
123.821 19.6707 0.0563672
124.842 19.7284 0.0565098
125.864 19.7865 0.0569711
126.888 19.8448 0.0569711
127.912 19.9036 0.0577621
128.937 19.963 0.0579485
129.962 20.0227 0.058346
130.989 20.083 0.0588955
132.016 20.1437 0.0592987
133.045 20.2048 0.0592987
134.074 20.2663 0.0600795
135.105 20.3285 0.0605201
136.137 20.3906 0.0596192
137.171 20.452 0.0590761
138.206 20.5135 0.0595528
139.244 20.5754 0.0595528
140.282 20.6377 0.0602163
141.322 20.7005 0.0605465
142.364 20.7646 0.0623298
143.406 20.831 0.064961
144.449 20.8997 0.0665384
145.494 20.9706 0.0690285
146.54 21.044 0.0711524
147.586 21.1195 0.0729101
148.633 21.1969 0.0746124
149.68 21.2765 0.0770945
150.728 21.3578 0.077681
151.778 21.4402 0.0790999
152.827 21.524 0.080395
153.877 21.6087 0.0805316
154.927 21.6936 0.0806555
155.978 21.7787 0.0809718
157.03 21.8638 0.0806264
158.082 21.9485 0.0799495
159.135 22.0333 0.080729
160.189 22.1185 0.080729
161.243 22.2035 0.0800865
162.298 22.2882 0.0800865
163.354 22.3729 0.0800865
164.411 22.4575 0.0795748
165.469 22.542 0.0798129
166.528 22.6266 0.0796431
167.588 22.7105 0.0783526
168.649 22.794 0.0786396
169.711 22.8775 0.0783527
170.774 22.9606 0.0776634
171.838 23.0436 0.0780751
172.903 23.1266 0.0774499
173.969 23.209 0.0769298
175.035 23.2909 0.0763321
176.102 23.3722 0.0757962
177.17 23.4533 0.0756916
178.239 23.5337 0.0745586
179.308 23.6136 0.0747269
180.378 23.6936 0.0746065
181.448 23.7736 0.0744833
182.519 23.8531 0.0737972
183.591 23.9321 0.0733337
184.663 24.0109 0.0733337
185.736 24.0892 0.0724449
186.809 24.1672 0.0725653
187.883 24.2449 0.0718529
188.958 24.3218 0.0708922
190.034 24.3981 0.0708922
191.11 24.4743 0.070457
192.188 24.5502 0.0701673
193.266 24.6263 0.0707684
194.346 24.7027 0.070445
195.426 24.7788 0.070335
196.507 24.8553 0.0708667
197.589 24.9325 0.071642
198.671 25.0111 0.0734364
199.753 25.0913 0.0743787
200.835 25.1718 0.0742158
201.916 25.2517 0.0733749
202.997 25.331 0.0730529
204.078 25.41 0.0727813
205.158 25.4883 0.0719237
206.238 25.5665 0.072645
207.318 25.645 0.072645
208.395 25.7236 0.073013
209.472 25.8026 0.0734491
210.547 25.8819 0.0737981
211.619 25.9614 0.0742234
212.688 26.0409 0.0743413
213.755 26.1201 0.0737255
214.818 26.1983 0.0731682
215.878 26.2754 0.0719844
216.934 26.3513 0.0715728
217.986 26.4265 0.0711346
219.034 26.5014 0.0716152
220.078 26.5765 0.0718712
221.119 26.6519 0.072975
222.154 26.7279 0.0735163
223.186 26.8039 0.0733975
224.214 26.8794 0.0733975
225.238 26.9546 0.0730995
226.257 27.0289 0.0724479
227.273 27.1024 0.0720978
228.284 27.1752 0.0715438
229.291 27.2473 0.0713392
230.295 27.3192 0.0718078
231.294 27.3911 0.0718078
232.29 27.4627 0.0718078
233.281 27.5343 0.0724677
234.267 27.6063 0.0731748
235.247 27.6779 0.0728053
236.219 27.7487 0.0725871
237.181 27.8189 0.0730227
238.133 27.8882 0.0724371
239.071 27.9563 0.0722985
239.996 28.0228 0.0714679
240.905 28.0875 0.0706068
241.798 28.1503 0.0698032
242.677 28.2116 0.0694032
243.539 28.271 0.0681299
244.386 28.3289 0.0685467
245.217 28.3856 0.0675896
246.031 28.4404 0.0669062
246.829 28.4935 0.0658789
247.61 28.5445 0.0646647
248.375 28.5934 0.0628383
249.123 28.6393 0.0599898
249.852 28.6816 0.0558971
250.561 28.7196 0.0510403
251.251 28.7526 0.0445409
251.92 28.7802 0.038116
252.568 28.8028 0.0314233
253.196 28.8201 0.0237505
253.802 28.8317 0.0145169
254.388 28.8375 0.00528363
254.387 28.8375 -0.00720168
254.935 28.8306 -0.0180217
255.465 28.8175 -0.0312267
255.976 28.7974 -0.0476467
256.468 28.7693 -0.0665607
256.941 28.7343 -0.0811947
257.396 28.6943 -0.0938447
257.834 28.6498 -0.108725
258.257 28.6003 -0.124465
258.667 28.5457 -0.140328
259.065 28.4861 -0.156867
259.453 28.4206 -0.177217
259.834 28.3496 -0.192092
260.206 28.2748 -0.203953
260.572 28.1972 -0.214529
260.93 28.1168 -0.227087
261.281 28.0324 -0.245178
261.626 27.9424 -0.26412
261.968 27.8464 -0.283992
262.306 27.7442 -0.303903
262.64 27.6366 -0.318872
262.971 27.5249 -0.332617
263.298 27.4084 -0.351839
263.62 27.2857 -0.374843
263.939 27.1561 -0.398355
264.253 27.021 -0.414054
264.564 26.8823 -0.425535
264.871 26.74 -0.440512
265.176 26.5939 -0.454634
265.476 26.444 -0.470577
265.773 26.2899 -0.486351
266.067 26.1325 -0.496738
266.361 25.9715 -0.506746
266.657 25.805 -0.517104
266.956 25.6335 -0.52652
267.256 25.4566 -0.536691
267.56 25.2737 -0.548883
267.865 25.0841 -0.561586
268.174 24.8882 -0.568943
268.487 24.6852 -0.582783
268.803 24.4739 -0.596069
269.122 24.2543 -0.607749
269.447 24.0251 -0.622599
269.775 23.7859 -0.63533
270.11 23.5369 -0.64554
270.449 23.2785 -0.656868
270.791 23.011 -0.670637
271.136 22.7337 -0.682057
271.484 22.4459 -0.70065
271.832 22.1467 -0.718346
272.181 21.8347 -0.741915
272.528 21.5092 -0.764635
272.873 21.1707 -0.787519
273.216 20.8194 -0.807165
273.557 20.4558 -0.827445
273.895 20.0798 -0.848708
274.228 19.6921 -0.875309
274.552 19.2918 -0.903619
274.869 18.8791 -0.928089
275.179 18.454 -0.954294
275.481 18.0165 -0.979064
275.776 17.5669 -1.00215
276.062 17.1051 -1.03029
276.337 16.6305 -1.06129
276.599 16.143 -1.09134
276.851 15.6432 -1.11769
277.093 15.1315 -1.14086
277.323 14.6081 -1.1708
277.539 14.0731 -1.2051
277.737 13.5289 -1.23672
277.92 12.9771 -1.2666
278.087 12.4164 -1.29378
278.241 11.8474 -1.32005
278.38 11.2716 -1.34733
278.505 10.6891 -1.37213
278.616 10.1009 -1.39667
278.712 9.50723 -1.42475
278.792 8.90708 -1.453
278.856 8.3016 -1.47679
278.906 7.69057 -1.50217
278.94 7.07453 -1.52945
278.957 6.45375 -1.55594
278.958 5.82819 -1.5836
278.941 5.19788 -1.61038
278.907 4.56384 -1.6379
278.856 3.92666 -1.66508
278.787 3.28712 -1.69125
278.701 2.64566 -1.71782
278.597 2.00209 -1.74355
278.475 1.35714 -1.77031
278.335 0.711081 -1.79807
278.176 0.0662828 -1.82866
277.995 -0.577856 -1.85897
277.796 -1.2208 -1.8839
277.58 -1.86283 -1.90565
277.348 -2.50282 -1.93397
277.095 -3.13847 -1.96515
276.821 -3.76964 -1.99471
276.528 -4.39501 -2.02405
276.215 -5.01458 -2.05247
275.883 -5.62793 -2.07997
275.534 -6.23466 -2.1078
275.165 -6.83398 -2.1366
274.777 -7.42534 -2.16561
274.37 -8.00759 -2.1967
273.944 -8.5807 -2.22428
273.501 -9.14568 -2.24601
273.045 -9.7042 -2.2657
272.575 -10.2544 -2.28976
272.089 -10.795 -2.31657
271.586 -11.3241 -2.34443
271.068 -11.8422 -2.36836
270.535 -12.3486 -2.39468
269.987 -12.8426 -2.42132
269.424 -13.3238 -2.44734
268.847 -13.7913 -2.47465
268.255 -14.244 -2.50298
267.648 -14.681 -2.53209
267.027 -15.1021 -2.55865
266.394 -15.5072 -2.58677
265.747 -15.8951 -2.6161
265.086 -16.2642 -2.64786
264.413 -16.6129 -2.67924
263.728 -16.941 -2.71033
263.032 -17.2487 -2.7405
262.325 -17.5352 -2.77245
261.608 -17.7994 -2.80476
260.882 -18.0413 -2.83549
260.147 -18.261 -2.86682
259.403 -18.458 -2.89831
258.652 -18.632 -2.92993
257.894 -18.7823 -2.96175
257.129 -18.9095 -2.99186
256.359 -19.0129 -3.02441
255.583 -19.0916 -3.05641
254.803 -19.1467 -3.08579
254.019 -19.1794 -3.11413
253.232 -19.1897 3.14036
252.442 -19.177 3.1107
251.649 -19.1412 3.08202
250.855 -19.0823 3.05322
250.058 -19.0009 3.02632
249.259 -18.8992 3.00367
248.459 -18.7798 2.98354
247.656 -18.6438 2.96412
246.85 -18.4922 2.94668
246.043 -18.3261 2.93073
245.234 -18.147 2.91706
244.421 -17.9575 2.90793
243.605 -17.7606 2.9016
242.785 -17.5579 2.89686
241.961 -17.3507 2.89362
241.133 -17.14 2.89113
240.302 -16.9265 2.88901
239.469 -16.7103 2.88682
238.631 -16.492 2.88643
237.789 -16.2726 2.88674
236.943 -16.0524 2.88762
236.091 -15.8321 2.88921
235.235 -15.6117 2.8901
234.374 -15.3906 2.89041
233.508 -15.1687 2.89107
232.638 -14.947 2.89317
231.762 -14.7264 2.89619
230.882 -14.5074 2.89918
229.998 -14.29 2.90205
229.109 -14.0741 2.90496
228.214 -13.8601 2.90832
227.315 -13.648 2.9117
226.411 -13.4377 2.91446
225.501 -13.229 2.91755
224.587 -13.023 2.92222
223.668 -12.8206 2.92783
222.742 -12.6231 2.93475
221.812 -12.4316 2.94265
220.875 -12.2463 2.9498
219.933 -12.0668 2.95673
218.986 -11.8936 2.96491
218.033 -11.7278 2.97361
217.074 -11.5698 2.98273
216.111 -11.4199 2.99193
215.141 -11.2782 3.00104
214.167 -11.1448 3.00999
213.187 -11.0193 3.01837
212.204 -10.9024 3.02822
211.216 -10.7935 3.03535
210.224 -10.692 3.04385
209.228 -10.5987 3.05254
208.23 -10.5146 3.06243
207.228 -10.4395 3.07122
206.224 -10.3723 3.07844
205.216 -10.3116 3.08424
204.208 -10.2572 3.09111
203.198 -10.2093 3.09732
202.186 -10.1679 3.10425
201.172 -10.1334 3.11072
200.158 -10.1057 3.1179
199.142 -10.0847 3.12404
198.125 -10.0698 3.12985
197.107 -10.0606 3.13531
196.091 -10.0565 3.13977
195.075 -10.0572 -3.13851
194.06 -10.063 -3.13317
193.047 -10.0741 -3.12809
192.038 -10.0901 -3.12342
191.032 -10.1106 -3.1189
190.029 -10.1357 -3.11435
189.029 -10.1649 -3.11041
188.034 -10.1979 -3.10647
187.043 -10.2344 -3.10306
186.057 -10.274 -3.09982
185.074 -10.3173 -3.09544
184.096 -10.3637 -3.09282
183.121 -10.4132 -3.08901
182.151 -10.4657 -3.08597
181.184 -10.521 -3.08307
180.221 -10.5786 -3.08048
179.262 -10.6392 -3.07647
178.307 -10.7026 -3.07414
177.357 -10.7681 -3.07139
176.411 -10.8362 -3.06808
175.469 -10.9073 -3.06436
174.532 -10.9819 -3.0601
173.6 -11.0601 -3.05565
172.672 -11.1423 -3.05088
171.748 -11.2282 -3.04672
170.829 -11.3177 -3.04234
169.914 -11.4105 -3.03865
169.003 -11.5069 -3.03397
168.094 -11.607 -3.02965
167.187 -11.7107 -3.02596
166.282 -11.8178 -3.02153
165.378 -11.9287 -3.01754
164.475 -12.0438 -3.01214
163.572 -12.1631 -3.00837
162.67 -12.2864 -3.00307
161.768 -12.4142 -2.99855
160.867 -12.5462 -2.99377
159.967 -12.6823 -2.98917
159.067 -12.8227 -2.98455
158.168 -12.9675 -2.97921
157.27 -13.1162 -2.97572
156.373 -13.2683 -2.97176
155.476 -13.4243 -2.96668
154.581 -13.5848 -2.96197
153.686 -13.7491 -2.95793
152.792 -13.9168 -2.95445
151.899 -14.0879 -2.95006
151.006 -14.2627 -2.94651
150.114 -14.4407 -2.94266
149.223 -14.6225 -2.93796
148.334 -14.8079 -2.93427
147.445 -14.9963 -2.93131
146.556 -15.1875 -2.92802
145.669 -15.3818 -2.92408
144.782 -15.5791 -2.92103
143.897 -15.779 -2.9181
143.012 -15.9813 -2.91542
142.129 -16.1865 -2.91147
141.246 -16.3943 -2.90919
140.365 -16.6041 -2.90663
139.484 -16.8162 -2.90389
138.604 -17.0308 -2.90073
137.726 -17.2479 -2.89805
136.849 -17.4676 -2.89385
135.976 -17.6904 -2.88963
135.105 -17.9152 -2.88841
134.238 -18.1408 -2.88585
133.374 -18.3678 -2.88342
132.514 -18.5953 -2.88243
131.658 -18.8227 -2.88174
130.804 -19.0501 -2.88072
129.953 -19.2773 -2.88041
129.106 -19.504 -2.87981
128.262 -19.7309 -2.87806
127.422 -19.9584 -2.8763
126.585 -20.186 -2.87614
125.75 -20.4131 -2.87556
124.919 -20.6399 -2.87498
124.09 -20.8667 -2.87412
123.264 -21.0936 -2.87272
122.442 -21.3205 -2.87199
121.622 -21.5472 -2.87174
120.805 -21.7736 -2.87101
119.99 -21.9998 -2.87004
119.178 -22.2268 -2.86826
118.368 -22.4547 -2.86662
117.559 -22.6838 -2.86471
116.751 -22.9137 -2.86366
115.945 -23.1444 -2.86201
115.141 -23.3755 -2.86132
114.339 -23.607 -2.86002
113.539 -23.8384 -2.86002
112.742 -24.0697 -2.85876
111.947 -24.3007 -2.85831
111.156 -24.5312 -2.85807
110.368 -24.7613 -2.85695
109.584 -24.9916 -2.855
108.803 -25.2221 -2.85358
108.027 -25.452 -2.8538
107.254 -25.681 -2.85339
106.485 -25.9099 -2.85158
105.719 -26.1387 -2.85063
104.957 -26.3673 -2.84948
104.199 -26.5956 -2.84898
103.444 -26.8232 -2.84852
102.693 -27.0508 -2.84618
101.945 -27.2795 -2.84351
101.201 -27.5095 -2.83978
100.461 -27.7413 -2.83629
99.7252 -27.9738 -2.83488
98.993 -28.2078 -2.8297
98.2649 -28.4447 -2.82445
97.5407 -28.6832 -2.82251
96.8202 -28.9237 -2.81634
96.1027 -29.1678 -2.81095
95.386 -29.4142 -2.80979
94.6708 -29.663 -2.80384
93.9586 -29.9169 -2.7946
93.2485 -30.1758 -2.78913
92.5402 -30.4385 -2.78381
91.8344 -30.7057 -2.77563
91.1314 -30.9786 -2.76707
90.4317 -31.2576 -2.75727
89.7352 -31.543 -2.74797
89.0421 -31.8348 -2.73826
88.353 -32.1334 -2.72724
87.6684 -32.44 -2.71368
86.9885 -32.7553 -2.70122
86.3131 -33.0782 -2.68989
85.6417 -33.4086 -2.67879
84.9749 -33.746 -2.66738
84.3124 -34.0913 -2.65491
83.6531 -34.4446 -2.64454
82.9971 -34.8051 -2.63352
82.3445 -35.1736 -2.6217
81.6952 -35.5501 -2.61048
81.0493 -35.9345 -2.59914
80.4071 -36.3263 -2.58842
79.7685 -36.726 -2.57622
79.1334 -37.133 -2.56716
78.5014 -37.5461 -2.55827
77.8727 -37.9657 -2.54789
77.248 -38.3923 -2.53682
76.6277 -38.826 -2.52598
76.0114 -39.2666 -2.51589
75.3985 -39.7127 -2.50899
74.7878 -40.1633 -2.50285
74.1791 -40.6176 -2.49801
73.5719 -41.0756 -2.49282
72.9645 -41.5374 -2.4901
72.3574 -42.0029 -2.48495
71.7504 -42.4727 -2.48076
71.143 -42.9472 -2.47608
70.5353 -43.4263 -2.47193
69.9273 -43.9105 -2.46618
69.3197 -44.4002 -2.46037
68.7117 -44.895 -2.45657
68.1023 -45.3938 -2.45459
67.4922 -45.8973 -2.44882
66.8827 -46.4062 -2.44299
66.2737 -46.9203 -2.43803
65.6645 -47.4382 -2.43582
65.0544 -47.9599 -2.43258
64.445 -48.4845 -2.42915
63.8367 -49.0126 -2.42393
63.2299 -49.5448 -2.41946
62.6246 -50.0804 -2.4149
62.0206 -50.6199 -2.41025
61.4178 -51.1631 -2.40603
60.8161 -51.7096 -2.40247
60.2153 -52.2589 -2.39936
59.6154 -52.8116 -2.395
59.0165 -53.3672 -2.39221
58.4182 -53.9261 -2.38831
57.8214 -54.4884 -2.38353
57.226 -55.054 -2.38019
56.6311 -55.6229 -2.37699
56.0366 -56.1947 -2.37415
55.4419 -56.7703 -2.37093
54.8471 -57.3488 -2.36941
54.2517 -57.9302 -2.36662
53.6562 -58.5143 -2.36501
53.0606 -59.1008 -2.36292
52.4653 -59.6893 -2.361
51.8709 -60.2794 -2.35856
51.2775 -60.8704 -2.35795
50.6847 -61.461 -2.35816
50.0923 -62.0513 -2.35765
49.502 -62.6414 -2.35509
48.9135 -63.2321 -2.35363
48.3263 -63.8225 -2.35343
47.7404 -64.4123 -2.35224
47.1569 -65.0014 -2.35056
46.5756 -65.5892 -2.35068
45.9964 -66.1754 -2.34975
45.4195 -66.7593 -2.35071
44.845 -67.3403 -2.35018
44.2742 -67.9196 -2.34753
43.7076 -68.4976 -2.3449
43.1442 -69.0731 -2.34633
42.5825 -69.6453 -2.34738
42.0233 -70.2153 -2.34602
41.4676 -70.783 -2.34495
40.9144 -71.3488 -2.34495
40.3633 -71.9116 -2.34641
39.813 -72.4708 -2.35005
39.2641 -73.0268 -2.3494
38.7181 -73.5805 -2.34909
38.1745 -74.1316 -2.3495
37.6325 -74.6796 -2.35182
37.0911 -75.2242 -2.35473
36.55 -75.7653 -2.35773
36.0088 -76.3018 -2.36337
35.4659 -76.8335 -2.36966
34.9207 -77.3618 -2.37433
34.3734 -77.8869 -2.37947
33.8237 -78.409 -2.38427
33.2716 -78.9291 -2.388
32.7175 -79.4474 -2.39099
32.1607 -79.9634 -2.39747
31.6 -80.4763 -2.40386
31.036 -80.9863 -2.40913
30.4687 -81.4938 -2.41437
29.8982 -81.9977 -2.42188
29.3236 -82.4979 -2.42874
28.7455 -82.994 -2.43608
28.1629 -83.4862 -2.44402
27.5764 -83.9734 -2.45283
26.9857 -84.4553 -2.4617
26.3909 -84.9317 -2.47088
25.7915 -85.4022 -2.48118
25.1879 -85.8657 -2.49249
24.5801 -86.3217 -2.50336
23.9689 -86.7701 -2.51381
23.3544 -87.21 -2.52675
22.7362 -87.6403 -2.54057
22.1138 -88.0611 -2.55331
21.4886 -88.4719 -2.56731
20.8609 -88.8723 -2.58036
20.2309 -89.2627 -2.5933
19.5986 -89.6428 -2.60735
18.964 -90.0122 -2.62149
18.327 -90.3704 -2.6372
17.6878 -90.7169 -2.65249
17.0471 -91.0529 -2.66479
16.4054 -91.3792 -2.67748
15.7628 -91.6953 -2.69131
15.1189 -92.0003 -2.70731
14.4739 -92.293 -2.72368
13.8285 -92.5738 -2.73891
13.1841 -92.842 -2.75546
12.5407 -93.0974 -2.77207
11.8985 -93.34 -2.78854
11.2582 -93.5701 -2.80476
10.6202 -93.787 -2.82303
9.9845 -93.9904 -2.84086
9.35175 -94.1805 -2.85853
8.72259 -94.3572 -2.87714
8.09431 -94.5207 -2.89667
7.46446 -94.6723 -2.91427
6.83232 -94.8124 -2.93274
6.19763 -94.9409 -2.95075
5.55996 -95.058 -2.96943
4.92049 -95.1628 -2.98873
4.27872 -95.2554 -3.00779
3.63551 -95.3359 -3.02636
2.99089 -95.4048 -3.04408
2.3451 -95.462 -3.06218
1.69833 -95.5077 -3.07991
1.05061 -95.5416 -3.09895
0.402171 -95.5632 -3.11742
-0.247147 -95.5737 -3.13336
-0.89746 -95.5739 3.13379
-1.54871 -95.564 3.11908
-2.20044 -95.544 3.10279
-2.85281 -95.5139 3.08796
-3.50585 -95.4744 3.07471
-4.15935 -95.4263 3.06126
-4.81312 -95.3689 3.04678
-5.46672 -95.302 3.03244
-6.1208 -95.2254 3.01752
-6.77448 -95.1396 3.0048
-7.42821 -95.0447 2.98995
-8.08167 -94.9403 2.9765
-8.73469 -94.8267 2.96219
-9.38729 -94.7033 2.94721
-10.0392 -94.5703 2.9334
-10.6903 -94.4283 2.92044
-11.341 -94.278 2.90878
-11.9906 -94.1194 2.89531
-12.6387 -93.9515 2.88106
-13.2847 -93.7736 2.86464
-13.9286 -93.5848 2.84811
-14.5702 -93.3861 2.83447
-15.2097 -93.1777 2.81845
-15.8465 -92.9586 2.80204
-16.4804 -92.7284 2.78452
-17.1108 -92.4879 2.76985
-17.7384 -92.2372 2.75317
-18.3621 -91.9758 2.73619
-18.9815 -91.7033 2.71812
-19.5973 -91.4186 2.69889
-20.2087 -91.123 2.68364
-20.8167 -90.8173 2.66792
-21.4207 -90.5019 2.65279
-22.0201 -90.1756 2.63331
-22.6141 -89.8372 2.61434
-23.2029 -89.4876 2.59708
-23.7866 -89.127 2.57934
-24.3644 -88.7556 2.56123
-24.9361 -88.3731 2.54278
-25.5006 -87.9793 2.52217
-26.0571 -87.5729 2.49953
-26.6052 -87.1543 2.47896
-27.146 -86.7249 2.4621
-27.6791 -86.2853 2.44197
-28.2036 -85.8339 2.42013
-28.7188 -85.3712 2.39948
-29.2249 -84.8978 2.37967
-29.7219 -84.4141 2.35991
-30.21 -83.9199 2.33988
-30.6878 -83.4154 2.31834
-31.1555 -82.9003 2.29748
-31.6131 -82.3751 2.27759
-32.0604 -81.84 2.25646
-32.4969 -81.2944 2.23466
-32.9227 -80.7384 2.21426
-33.3379 -80.1732 2.1944
-33.7423 -79.5986 2.17374
-34.1351 -79.0145 2.15196
-34.5158 -78.4208 2.12976
-34.8839 -77.8185 2.10923
-35.24 -77.2083 2.08867
-35.5833 -76.5895 2.066
-35.9126 -75.9622 2.04243
-36.2284 -75.3263 2.02111
-36.5312 -74.6832 2.00059
-36.8206 -74.0324 1.97785
-37.0952 -73.3738 1.95383
-37.3552 -72.7067 1.9311
-37.6023 -72.0327 1.91326
-37.8377 -71.3522 1.89437
-38.0609 -70.665 1.87511
-38.2714 -69.9712 1.85583
-38.4698 -69.2714 1.83825
-38.6569 -68.5658 1.82164
-38.8323 -67.8552 1.80392
-38.996 -67.1391 1.78717
-39.149 -66.419 1.7732
-39.2926 -65.6946 1.75966
-39.4265 -64.9665 1.74573
-39.5504 -64.2347 1.73122
-39.6643 -63.4987 1.71766
-39.7688 -62.7591 1.70468
-39.8642 -62.0162 1.69233
-39.9503 -61.2697 1.67881
-40.0271 -60.5199 1.66685
-40.0956 -59.7669 1.65637
-40.1572 -59.0107 1.6476
-40.2124 -58.2511 1.63907
-40.2617 -57.4883 1.63167
-40.3055 -56.7225 1.6242
-40.3436 -55.9553 1.61653
-40.3757 -55.1871 1.6087
-40.402 -54.4182 1.60137
-40.4228 -53.6482 1.59424
-40.4382 -52.8774 1.58706
-40.448 -52.1066 1.58001
-40.452 -51.3365 1.57202
-40.4496 -50.5675 1.56342
-40.4412 -49.7999 1.55627
-40.4276 -49.035 1.54973
